4242420123 4242420101 76190
4242423934 4242420119 65043 201173
4242423934 4242420246 4242420428 64636
4242423934 4242422601 4242423962
4242420123 4242421080 4242422547 4242420415 4242420415
4242423934 4242420119 4242423088 4242422843 4242422601 4242422464 4242422520
4242423934 4242423088
4242423934 4242422601 4242423975
4242420123 4242421080 4242422547 4242420198
4242423934 4242421331 4242420977
4242423934 4242423088 4242420101
4242423934 4242423088 4242422244 4242423677
4242423934 4242423088 4242423618 4242421332
4242420123 4242420101 64654
4242423934 4242423914 4242421301
4242423934 4242423088 4242423850
4242423934 4242423088 4242423618 4242422541 4242422545
4242420123 4242420119 4242420181 4242420812
4242420123 4242421080 4242420151
4242420123 4242421080 4242421050
4242423934 4242422950 4242423348
4242420123 4242423513
4242423934 4242420151
4242423934 4242422950 65024 64875
4242423934 4242421191
4242423934 4242421191 4242423513
4242423934 4242421331 4242422464
4242420123 4242420119 4242422601 4242420246 4242423140
4242423934 4242421722
4242423934 4242423088 4242422092 4242422833
4242423934 4242423088 4242420251
4242420123 4242420119 4242422601 4242423156
4242423934 4242420246 4242421588 4242422683
4242423934 4242423088 4242423618 4201270008 4201270005
4242423934 4242422601 4242421297
4242423934 4242420246 4242421588 4242422216
4242423934 4242423088 4242422547 4242420163
4242423934 4242420119 65043 65196 4242420128
4242423934 4242423914 4242423798
4242420123 4242421080 4242420181 4242421312
4242420123 64600 4242420101 4242423585 4242421120
4242420123 4242421080 4242421588 4242420741
4242420123 4242420119 4242422601 4242422502 4242420824 4242421289
4242420123 4242420119 4242422601 4242423975
4242423934 4242420119 64737
4242423934 4242423088 4242422700 4242420241
4242420123 4242420119 65043 65042
4242423934 4242422950
4242420123 64600 4242420101 4242423905 4242421110
4242423934 4242423088 4242422690
4242423934 4242423088 4242422700 4242420241 64698
4242420123 4242420119 65043 65019
4242420123 4242420119 4242422601 4242423230 4242423650
4242420123 4242420119 4242422601 4242420177
4242420123 4242420119 65043 65037 64875
4242423934 4242423914 4242420171
4242423934 4242422601 4242422624
4242420123 4242420119 4242423914
4242423934 4242420119 65043 65026
4242420123 4242420119 4242422601 64633 64915
4242420123 4242421080 4242421588 4242422777
4242423934 4242421191 4242420123
4242420123 64600 4242420101 4242420241 64698
4242423934 4242420119 65043 65042
4242423934 4242421331 4242420207 4242422010
4242423934 4242423088 4242421181
4242423934 4242423088 4242422700
4242423934 4242423088 4242421955
4242423934 4242420119 65043 65019
4242420123 4242420119 4242422601 4242420110
4242423934 4242420119 65043 65433
4242423934 76190 4242423754 4242423869
4242420123 4242420119 4242420880 64616
4242420123 4242420119 4242421475
4242420123 4242420101 64720
4242423934 4242422227
4242423934 4242422601 64633 64915
4242423934 4242420138
4242423934 4242422601 4242420916
4242423934 4242420524
4242420123 4242420119 65043 4242420789 4242423677 4242420064
4242420123 64737 4242421955
4242420123 4242420119 4242421191 4242423640
4242423934 4242423088 4242421280
4242420123 4242420119 4242422601 4242422950 4242423348
4242423934 4242420181
4242420123 4242420119 4242422601 4242422673
4242423934 4242423088 4242420604
4242423934 4242420246 4242421588 4242420750
4242423934 4242422601 4242420656
4242423934 4242423088 4242420101 56662
4242420123 4242420119 4242421475 4242421114
4242420123 4242420119 65043 65022
4242420123 64737
4242423934 4242421775
4242423934 4242423088 4242423618 4242422541
4242420123 4242420119 4242421191 4242423905 4242421189
4242423934 4242423088 4242420208
4242420123 4242421080 4242420880 64616 64699
4242423934 4242423088 4242420101 4242422113
4242423934 4242422673
4242423934 4242423914 4242420969
4242420123 4242420101 4242423585
4242423934 4242422601 4242423621
4242423934 4242422601 213021
4242423934 4242422601 64720
4242420123 4242420119 4242422601 4242420131
4242423934 4242423914 4242421587
4242423934 4242423914 4242423926
4242423934 4242423914 4242420769
4242423934 4242423088 4242420380
4242420123 64600 4242422601 4242421404
4242423934 4242423088 4242423059
4242420123 4242421080 76190 4242423754
4242420123 4242420119 4242423934
4242420123 4242420119 4242421775 4242423602
4242423934 76190
4242420123 4242420101
4242420123 4242420119 65043 64857
4242423934 4242421312
4242423934 4242422601
4242420123 64737 4242421588 4242423773
4242423934 4242423088 4242422700 4242420300
4242423934 4242422601 4242422904
4242423934 76190 4242423754
4242423934 4242423914 4242423360
4242423934 4242423088 4242422575
4242423934 4242422601 4242423230 4242423650
4242423934 4242422601 4242422341
4242423934 4242423088 4242422547 4242422647
4242423934 4242422601 4242420780
4242423934 4242423088 4242422700 4242420047 4242420046
4242423934 4242423905 4242428192
4242420123 4242420119 65043 65038
4242423934 4242423914 4242422251
4242420123 4242420119 4242422601 64633
4242423934 4242423914 4242420969 4242420669
4242423934 4242423088 4242421080
4242420123 4242420119 65043 65065
4242420123 4242420119 4242420880 4242420047 4242429999
4242423934 4242423088 4242423618 4201270006
4242423934 4242422601 4242421224
4242423934 4242423088 4242422189
4242420123 4242421080 76190 4242423214
4242420123 4242420101 4242422113
4242420123 4242421080 4242423914 4242421055
4242423934 4242423088 4242420308
4242423934 4242422950 76198 64712
4242423934 4242420246 4242421588 4242423353
4242423934 4242423088 4242420550
4242423934 4242423088 4242420101 64654
4242423934 4242422950 65024
4242423934 4242421775 4242423602 4242421905
4242423934 4242420246 4242421588 4242422777
4242420123 4242421080 4242422547 4242420163
4242423934 4242423905 4242422857
4242423934 4242423905 4242420905
4242423934 4242420246 4242421588 4242422077
4242420123 4242420119 65043 65433
4242420123 4242420119 4242421191 4242423513 4242423838
4242423934 4242423088 4242422244 4242423677 4242420064
4242423934 4242420119 4242423692
4242423934 4242420181 4242421055
4242423934 4242423905 4242423602
4242423934 4242423914 4242422428 4242422345
4242423934 4242423088 4242422843
4242423934 4242423905 4242420047
4242423934 4242422601 4242422502 4242420824 4242421289
4242423934 4242421231
4242423934 4242423088 4201270008
4242423934 4242421191 4242423585 4242421120
4242420123 4242420119 4242422601 4242422502 4242420824
4242420123 64737 4242421233
4242420123 4242420119 4242421191 4242423905 4242422857
4242423934 4242421331 4242420207
4242420123 4242420101 206633
4242420123 4242420119 65043 65196 4242420128
4242423934 4242420246 4242421588 4242422995
4242423934 4242421331 4242422464 4242421273
4242420123 4242421080 4242421588 4242420031 4242421777
4242423934 76190 4242421102
4242423934 4242423914 4242423237
4242423934 4242420119 4242420123
4242423934 76190 4242423556
4242423934 4242422601 4242421243
4242420123 4242420119 65043 65196
4242423934 4242423088 4242422547
4242423934 4242423088 4242422575 4242421119
4242420123 4242420101 56662
4242423934 4242423914 4242423928
4242423934 4242422601 4242422019
4242423934 4242423088 4242420101 4242423991
4242423934 4242420246 4242420197
4242420123 4242420101 4242421271
4242423934 4242422950 65024 65534
4242423934 4242421191 4242423513 4242423838
4242420123 64828
4242423934 4242422601 4242423156
4242423934 4242423905 76198
4242423934 4242423905 4242420123
4242423934 4242423914
4242423934 4242423088 4242422547 4242420415 4242420415
4242423934 4242423914 4242422547 4201270008 4201270005
4242423934 4242422601 4242423920
4242423934 4242420119 65043 65065
4242423934 4242420131
4242423934 4242420880
4242423934 4242423905
4242420123 4242420119 4242421191 4242423905 4242420076
4242423934 4242421191 4242423513 4242423514
4242423934 4242420119 64737 4242421233
4242423934 4242423088 4242422700 4242423773
4242423934 4242423088 4242422547 4242420198
4242423934 76190 4242423217
4242423934 4242423088 4242421331 4242422761
4242423934 4242423905 4242420076
4242420123 4242421080 4242421588 4242420031
4242423934 4242423088 4242421475
4242423934 4242423914 4242420969 64742
4242420123 4242420119 4242422601 4242422700 4242420300
4242420123 4242420119 4242420138 64752
4242423934 4242423088 4242422610
4242423934
4242420123 4242420119 4242420880 4242420047 4242420046
4242423934 4242420119 65043 65038
4242423934 4242421331 4242420286
4242423934 4242423088 4242423618 4242421916
4242420123 4242420119 4242423914 4242423737 4242423737 4242423737 4242423737
4242423934 4242423088 4242422700 4242420182
4242423934 4242423088 4242420880 4242421324
4242420123 4242420101 4242420081
4242420123 4242423677
4242420123 4242421080 4242422547
4242423934 4242422601 4242422502 4242420824
4242423934 4242420119 65043
4242420123 4242420119 4242422601 4242423230 4242423738
4242423934 4242422601 4242421501
4242423934 4242422601 64600 4242420101 4242421271 4242422800
4242423934 4242423088 4242420180
4242423934 4242423088 4242422225
4242420123 4242420119 65043 201173
4242423934 4242420119 65043 65181
4242420123 64636
4242420123 4242420119 65043 65181
4242423934 4242422601 4242421009
4242423934 4242422601 4242420140 4242421550
4242423934 4242423088 4242422189 4242421944
4242423934 4242423088 4242421050
4242423934 4242422601 4242423230 4242423738
4242420123 64737 4242421233 4242420086
4242423934 4242423088 4242423618
4242423934 4242423905 4242421114
4242423934 4242422601 4242422349
4242420123 4242420101 4242423991
4242423934 4242423914 4242421091
4242423934 4242423088 4242421080 4242420807
4242423934 4242422707 4242420789
4242423934 4242423088 4242422700 4242420031
4242423934 4242420119 65043 65037
4242423934 4242423914 4242421788
4242423934 4242422601 64633
4242423934 4242420119 65043 65196
4242420123 64600 4242422601 4242421987
4242423934 4242423914 4242420491
4242423934 4242421404
4242420123 64600
4242420123 4242423905
4242420123 4242420119 4242421191 4242423905 4242423435
4242423934 4242421331
4242423934 4242422601 4242420140 4242422410
4242423934 4242423088 4242421835
4242420123 4242420119 4242422601 4242422189
4242420123 4242420119 4242421191 4242423513 4242423514
4242423934 76190 4242422942
4242420123 4242420119 4242422601 4242423920
4242423934 4242423088 4242422547 4242422233
4242423934 4242423088 4242421955 4242420134
4242423934 4242422601 4242423230
4242423934 4242423914 4242422428
4242420123 64600 4242422601 4242422349
4242420123 4242420119 4242423692
4242423934 4242422950 65043 65196 4242420128
4242423934 4242421331 4242420207 4242423399
4242423934 4242420119 4242420123 64828
4242423934 4242423914 4242423652
4242423934 4242420246
4242420123 4242421080 4242421588 4242420031 4242422481
4242423934 4242423088 4242422189 4242420731
4242420123 4242420119
4242423934 4242423088 4242420604 4201270019
4242423934 4242422601 4242421516
4242420123 4242420119 4242422601 4242423230
4242423934 4242423088 4242420803
4242423934 4242422601 64600
4242423934 4242422601 4242421942
4242420123 4242420119 4242423088 4242421835
4242420123 4242420119 4242422601 4242421009
4242423934 4242423088 4242421080 4242421457
4242420123 4242420119 4242422601 4242421243
4242420123 4242421080 4242422547 4242422233
4242423934 4242423088 4242421080 4242420443
4242423934 4242420246 4242421588 4242420822
4242423934 4242422601 4242423615
4242420123 4242420119 4242421191 4242423905 4242428192
4242423934 4242423914 4242420225
4242423934 4242423905 4242421110
4242423934 4242420246 4242420428 64717
4242420123 4242420119 65043 65026
4242423934 4242422601 4242420177
4242420123 4242420119 4242421191 4242423905 4242423907
4242420123 4242420119 4242422601 4242421501
4242423934 4242423088 4242421280 4242420215
4242420123 4242420101 4242421588
4242423934 4242423088 4242421555
4242423934 4242423905 4242422439
4242423934 4242423088 4242420880 64616 64699
4242420123 4242420119 4242423934 4242422707
4242420123 4242420119 4242422601 4242422027
4242423934 4242423905 4242421189
4242423934 4242420246 4242420428
4242423934 4242423088 4242420101 4242421271
4242423934 76190 4242423513
4242420123 4242420119 65043 65037
4242423934 76190 4242423214
4242423934 4242420246 4242421588
4242420123 4242420119 4242422601
4242423934 4242420119 4242420123 64717
4242423934 4242421331 4242422137
4242423934 4242423088 4242422700 4242420047 4242429999
4242423934 4242423914 4242420799
4242423934 4242423905 4242423435
4242423934 4242420246 4242421588 4242420565
4242423934 4242423088 4201270007
4242423934 4242423914 4242421913
4242420123 4242420119 4242421775 4242423602 4242421905
4242423934 4242420246 4242423140
4242423934 4242423088 4242420803 4242420835
4242423934 4242423088 4242420101 206633
4242423934 4242422707
4242423934 4242422601 4242422027
4242423934 4242422601 4242420270
4242423934 4242423088 4242420880 64616 64699 4242421127
4242423934 4242423088 4242421955 4242421955 4242421955 4242421955 4242421975
4242423934 4242423088 4242422547 4242423916
4242423934 4242423640
4242423934 4242423914 4242423376
4242420123 64600 4242422601 4242422950 76198
4242423934 4242420151 64752
4242423934 4242420119 65043 64857
4242423934 4242423914 4242420823
4242423934 4242422601 4242420110
4242420123 64600 4242420101 4242421271 4242422800
4242423934 4242422601 4242420140
4242420123 64737 4242421955 4242420134
4242423934 4242423088 4242423618 4201270010
4242420123 4242422700
4242420123 64717
4242423934 4242423088 4242422604
4242423934 4242422601 4242420812
4242423934 4242423088 4242421331 4242420807
4242423934 4242423905 4242423907
4242420123 4242420119 65043 65037 65534
4242423934 4242420119 64737 4242421233 4242420086
4242420123 4242420138
4242423934 4242420246 4242421588 4242420741
4242423934 4242422601 4242421987
4242423934 4242420119 65043 65022
4242423934 4242423088 4242422700 4242420031 4242422481
4242420123 64600 4242422601 4242422950 76198 64712
4242423934 4242422601 4242421099
4242420123 4242420119 4242422601 4242422019
4242420123 4242420119 4242421191 4242423905 4242420905
4242423934 4242423088 4242420880 64616
4242423934 4242423088 4201270000
4242420123 4242420119 4242423914 4242423237
4242423934 4242423088 4242420101 4242420081
4242420123
4242420123 4242420119 4242420880 4242420047
4242420123 4242420119 4242422601 4242420246
4242423934 4242423088 4242422700 4242420031 4242421275
4242420123 4242420119 65043 65024
4242423934 4242421191 4242423585
4242423934 4242421331 4242420817
4242423934 4242423088 4242422092
4242420123 4242420119 4242422601 4242422950
4242420123 4242420119 4242423088 4242422244 4242422439
4242423934 4242423914 4242423737 4242423737 4242423737 4242423737
4242420123 4242421191
4242423934 4242423088 4242422700 4242420031 4242421777
4242423934 4242423088 4242422547 4242421588 4242421690
4242423934 4242420246 4242421588 4242422115
4242423934 4242423088 4242422547 4242422204
4242423934 4242422601 4242422502
4242423934 4242420119
4242420123 65043
