210 199
50 210
242 61
187 53
149 136
136 23
208 93
210 49
210 159
136 93
73 210
136 234
6 242
136 59
210 65
29 119
210 60
15 242
136 55
32 210
136 78
20 136
136 120
7 242
242 33
242 151
136 85
13 136
136 0
221 77
136 75
93 162
136 77
222 208
76 136
4 210
136 146
210 148
136 83
198 136
204 136
162 208
162 222
152 242
64 136
131 242
121 242
210 165
171 120
136 137
210 197
194 136
175 210
154 136
237 196
242 1
136 11
242 185
90 134
206 136
210 86
216 242
136 210
160 242
173 136
114 164
93 222
136 35
96 136
210 143
22 242
188 70
3 136
56 136
207 213
219 210
190 136
205 136
210 89
10 242
169 110
136 16
26 136
210 42
242 14
136 108
17 210
68 136
66 210
124 210
242 58
242 141
90 210
18 136
184 93
109 136
136 117
136 224
38 136
210 186
177 221
44 242
136 100
215 210
2 210
220 210
210 214
48 210
157 210
242 94
21 242
26 167
136 225
116 52
92 136
237 45
104 235
24 136
114 136
210 138
184 208
210 47
242 102
210 40
242 45
210 57
136 46
239 136
136 54
144 130
242 113
136 111
210 158
122 242
242 87
116 242
136 103
210 242
112 210
210 174
123 136
69 242
130 136
136 242
136 172
99 210
136 226
136 67
136 84
136 27
37 210
228 50
5 210
95 136
128 136
136 180
210 191
136 241
131 210
136 106
136 195
242 125
136 142
91 136
209 210
136 163
156 89
129 210
136 155
136 133
105 136
101 210
228 211
242 30
210 170
210 74
9 136
43 136
211 50
136 31
136 150
71 242
136 230
136 98
178 13
201 136
136 132
183 136
176 136
212 210
162 184
136 140
210 62
72 210
104 136
182 176
82 136
153 125
19 136
136 243
79 136
218 136
242 135
202 136
136 229
227 136
8 210
136 127
136 34
136 193
136 70
12 136
28 242
136 203
81 210
145 49
236 136
136 53
189 242
179 136
136 217
136 80
210 36
25 136
242 97
136 29
242 168
126 242
88 210
107 242
139 205
39 136
41 136
166 242
63 210
110 242
51 136
136 238
245 0
245 1
245 2
245 3
245 4
245 5
245 6
245 7
245 8
245 9
245 10
245 11
245 12
245 13
245 14
245 15
245 16
245 17
245 18
245 19
245 20
245 21
245 22
245 23
245 24
245 25
245 26
245 27
245 28
245 29
245 30
245 31
245 32
245 33
245 34
245 35
245 36
245 37
245 38
245 39
245 40
245 41
245 42
245 43
245 44
245 45
245 46
245 47
245 48
245 49
245 50
245 51
245 52
245 53
245 54
245 55
245 56
245 57
245 58
245 59
245 60
245 61
245 62
245 63
245 64
245 65
245 66
245 67
245 68
245 69
245 70
245 71
245 72
245 73
245 74
245 75
245 76
245 77
245 78
245 79
245 80
245 81
245 82
245 83
245 84
245 85
245 86
245 87
245 88
245 89
245 90
245 91
245 92
245 93
245 94
245 95
245 96
245 97
245 98
245 99
245 100
245 101
245 102
245 103
245 104
245 105
245 106
245 107
245 108
245 109
245 110
245 111
245 112
245 113
245 114
245 115
245 116
245 117
245 118
245 119
245 120
245 121
245 122
245 123
245 124
245 125
245 126
245 127
245 128
245 129
245 130
245 131
245 132
245 133
245 134
245 135
245 136
245 137
245 138
245 139
245 140
245 141
245 142
245 143
245 144
245 145
245 146
245 147
245 148
245 149
245 150
245 151
245 152
245 153
245 154
245 155
245 156
245 157
245 158
245 159
245 160
245 161
245 162
245 163
245 164
245 165
245 166
245 167
245 168
245 169
245 170
245 171
245 172
245 173
245 174
245 175
245 176
245 177
245 178
245 179
245 180
245 181
245 182
245 183
245 184
245 185
245 186
245 187
245 188
245 189
245 190
245 191
245 192
245 193
245 194
245 195
245 196
245 197
245 198
245 199
245 200
245 201
245 202
245 203
245 204
245 205
245 206
245 207
245 208
245 209
245 210
245 211
245 212
245 213
245 214
245 215
245 216
245 217
245 218
245 219
245 220
245 221
245 222
245 223
245 224
245 225
245 226
245 227
245 228
245 229
245 230
245 231
245 232
245 233
245 234
245 235
245 236
245 237
245 238
245 239
245 240
245 241
245 242
245 243
245 244
