171 176
224 246
167 174
100 147
75 227
104 115
88 223
41 160
14 31
124 221
65 78
76 88
115 227
147 237
95 129
116 209
123 250
161 237
181 226
30 171
52 220
44 138
25 125
189 211
158 244
98 181
32 146
101 216
228 247
44 190
20 82
76 87
21 211
137 173
103 192
163 190
80 206
82 222
137 153
2 38
38 203
101 231
4 48
42 143
133 247
36 79
188 216
162 220
51 100
39 57
51 131
154 208
134 176
20 196
44 161
42 231
13 250
46 129
96 222
152 160
188 249
140 195
160 185
175 201
113 127
37 175
21 108
20 78
49 164
76 128
120 134
14 217
46 70
40 137
63 249
41 115
21 156
149 220
118 144
34 151
119 167
30 64
19 93
49 221
139 186
56 77
99 189
69 225
28 231
29 239
148 205
22 185
20 34
64 179
155 236
39 238
129 232
21 134
27 95
113 142
44 151
74 226
129 130
161 182
9 15
223 228
3 65
49 95
28 79
137 211
68 111
36 128
32 96
27 167
40 157
109 168
74 154
52 165
149 238
6 38
197 199
38 163
171 215
20 134
13 36
49 207
187 206
102 166
67 203
43 219
94 229
52 172
129 218
73 97
43 104
19 164
122 220
73 75
28 46
76 240
86 220
81 114
144 158
49 192
10 147
143 193
58 135
72 173
236 246
187 189
75 171
216 241
136 224
204 249
169 221
66 246
32 74
55 164
42 197
102 126
181 207
91 190
104 134
39 182
106 150
88 217
122 149
150 173
54 108
92 215
4 87
28 104
17 213
168 176
56 181
3 44
111 244
73 117
45 100
167 185
185 205
100 236
101 250
61 216
62 222
41 173
223 230
3 67
129 186
107 156
17 180
119 212
48 54
29 204
137 209
143 155
69 95
179 199
92 105
41 234
63 126
13 215
17 28
4 165
121 197
72 171
32 173
123 176
108 113
60 129
87 184
145 164
3 217
48 138
20 67
47 85
54 233
72 111
45 86
48 198
136 193
176 189
131 146
53 167
179 190
46 241
212 217
60 139
28 117
47 203
58 133
68 204
5 85
3 125
48 231
43 77
79 92
101 132
1 55
89 134
47 166
29 131
87 217
153 170
84 153
6 40
54 175
212 224
163 200
113 227
82 173
103 193
68 209
78 237
12 67
99 109
9 162
90 182
12 210
31 57
27 73
11 166
137 205
32 166
117 182
177 193
8 126
90 228
231 241
67 236
27 50
122 124
146 182
47 146
110 180
39 72
14 41
80 240
47 248
109 216
30 201
33 174
22 115
113 120
164 214
46 117
50 85
201 204
34 236
162 176
191 200
3 118
60 125
84 226
70 137
25 140
73 229
90 184
195 226
109 183
214 247
21 118
68 191
162 209
160 202
29 220
15 25
64 89
86 172
108 249
143 235
113 166
87 135
111 122
168 194
204 245
105 206
176 182
135 229
107 244
85 176
143 165
9 38
79 177
22 244
17 38
13 88
200 232
149 170
112 122
153 244
222 243
1 157
136 235
80 86
68 249
20 59
106 203
196 241
140 239
95 221
184 221
29 180
56 133
94 150
130 131
7 159
11 207
31 65
15 246
177 199
44 69
14 92
16 232
50 100
159 209
91 137
34 163
183 207
23 187
198 209
54 191
56 123
29 74
130 180
63 205
207 210
96 164
48 213
144 179
181 210
46 93
177 210
137 160
66 223
42 51
24 48
22 60
195 228
10 169
160 219
131 150
104 118
117 156
178 231
35 137
31 55
84 132
8 110
14 191
131 211
96 126
207 239
106 194
31 50
1 36
100 133
54 137
20 146
65 171
189 208
118 190
48 166
15 205
29 211
136 161
28 227
20 230
4 120
107 179
231 244
116 120
71 187
98 120
37 65
37 200
91 151
92 144
90 220
171 214
213 227
108 112
37 163
38 51
14 101
144 190
235 246
154 249
58 193
82 238
69 141
56 142
152 163
141 147
208 237
183 231
40 64
190 209
10 25
31 86
170 200
117 207
28 235
10 77
83 192
111 238
53 135
25 220
19 146
87 99
8 10
151 163
50 198
119 160
22 235
33 73
110 126
166 193
134 246
67 125
15 176
105 109
205 215
189 244
27 217
167 184
81 196
128 170
61 177
59 236
10 236
225 228
133 147
51 98
120 232
114 124
1 2
156 242
94 225
115 156
74 153
38 99
47 147
121 196
74 77
16 40
118 169
161 166
81 153
60 141
103 125
85 245
17 198
104 161
102 191
180 199
59 209
114 129
8 189
76 156
