316 325
38 275
43 273
70 103
144 495
27 46
274 384
43 136
65 462
8 63
138 396
60 277
230 281
39 168
54 264
163 470
442 496
31 286
233 249
4 203
84 406
99 312
54 290
240 357
449 473
227 246
277 411
306 472
39 45
36 177
189 197
279 372
256 345
85 351
10 97
156 164
246 417
226 484
227 377
121 273
267 421
5 364
77 154
5 294
188 483
11 125
21 329
219 298
13 200
121 386
157 210
3 282
12 376
264 347
222 384
192 321
37 329
292 468
216 327
52 67
4 178
139 425
235 412
313 409
52 224
268 383
266 404
149 171
151 155
316 344
280 430
70 165
40 402
17 83
33 473
113 490
21 481
186 252
410 490
41 496
152 322
20 467
27 165
198 465
18 414
145 302
47 302
297 481
338 416
390 413
80 228
198 491
91 146
5 281
47 422
227 393
13 82
48 90
316 432
207 293
136 165
70 376
310 432
232 429
72 322
149 315
91 236
190 211
223 421
253 287
306 319
395 405
95 279
2 313
161 427
36 67
12 151
87 121
179 200
117 249
110 429
235 249
110 396
67 394
199 333
84 414
90 354
68 441
147 173
336 409
469 498
199 226
192 252
163 249
201 270
56 101
125 212
90 438
214 304
84 491
346 444
210 317
36 472
19 384
20 370
431 485
198 432
28 242
230 457
82 182
70 294
161 240
328 462
6 351
382 413
267 311
109 156
187 319
174 256
286 478
289 448
74 483
235 493
50 151
150 377
389 426
65 185
28 43
43 297
51 242
5 430
9 272
14 490
469 485
139 206
197 257
232 411
165 371
108 439
38 46
157 438
280 285
166 232
248 295
125 321
188 231
462 473
106 362
341 447
54 467
211 336
63 493
101 282
184 287
101 129
148 324
337 398
73 313
196 470
83 99
252 337
278 349
77 152
119 273
114 334
364 441
206 428
159 413
214 360
25 500
302 462
18 447
13 363
429 481
236 431
238 319
130 137
50 194
51 388
155 179
12 165
198 418
203 276
272 442
10 34
178 284
16 369
20 300
252 307
24 61
5 59
32 308
209 458
36 434
183 436
349 481
88 355
292 428
328 434
314 458
46 451
5 381
99 110
208 358
85 404
81 348
222 483
72 293
263 343
157 470
60 148
283 484
116 173
237 286
99 434
200 272
25 265
184 226
255 327
257 410
181 321
33 464
289 497
175 298
314 412
301 486
96 432
155 196
73 348
9 351
82 215
175 411
109 372
309 320
14 254
397 428
330 400
245 476
66 395
161 229
114 145
143 353
346 471
224 336
199 220
351 478
99 337
10 22
86 341
138 212
111 204
118 468
392 483
97 355
103 282
380 491
32 152
4 305
319 367
239 298
155 167
33 489
53 337
40 144
150 403
176 408
120 264
5 284
87 139
217 341
96 429
2 120
324 364
145 441
61 110
110 406
2 80
11 41
88 189
86 364
64 217
336 424
106 261
357 462
161 179
111 179
338 478
191 415
266 489
246 387
421 426
69 197
188 427
199 428
178 357
324 333
349 460
279 434
65 333
159 291
35 342
260 350
98 273
183 441
292 360
1 341
231 384
191 226
158 437
159 329
460 473
81 449
295 313
458 472
50 230
160 201
271 467
347 386
11 377
349 442
255 415
339 472
404 407
78 418
7 335
273 423
356 453
47 387
229 370
13 412
298 441
281 487
187 321
15 390
237 242
10 329
11 25
235 460
232 395
85 462
340 375
97 291
319 420
111 414
116 414
270 397
62 118
42 248
122 430
367 424
19 461
272 391
415 427
379 385
184 198
122 189
271 383
407 500
81 266
83 162
107 353
226 408
233 428
155 381
91 449
30 451
192 270
53 75
175 447
292 302
310 338
8 242
59 222
196 226
314 467
265 280
67 398
125 156
246 472
57 420
35 397
21 321
382 489
82 100
34 55
261 463
249 334
133 252
111 401
231 461
5 341
104 493
53 437
273 316
440 497
259 298
9 223
170 371
48 450
353 466
17 373
257 360
405 495
120 301
240 378
334 437
3 125
113 379
241 432
75 358
156 244
11 432
233 467
7 271
15 35
6 373
363 410
68 121
5 384
375 459
326 411
56 150
121 387
357 482
285 420
321 383
33 35
11 203
20 373
151 470
195 481
130 321
12 453
127 440
338 476
28 442
254 484
160 444
34 359
214 386
80 266
183 266
61 447
421 434
95 483
215 258
224 497
136 318
195 369
235 372
60 443
116 264
75 184
402 424
350 498
80 205
288 310
7 106
428 443
244 472
203 469
64 173
53 413
7 435
124 335
106 334
104 338
165 342
226 421
8 495
433 434
66 459
174 330
17 188
202 241
244 455
151 419
122 132
337 349
2 312
104 187
62 423
102 133
213 398
193 387
61 402
358 426
119 234
132 460
314 470
200 206
109 135
141 465
3 265
309 458
78 128
20 275
119 155
150 353
45 104
129 159
281 381
26 411
130 156
82 345
490 496
164 420
185 347
5 109
225 252
394 400
326 347
116 164
51 318
171 304
44 66
75 183
351 488
7 193
193 269
368 427
55 322
32 402
362 373
311 469
115 210
167 458
296 326
156 396
49 145
59 182
327 393
270 444
290 326
256 346
38 125
22 155
47 437
403 420
342 389
38 222
117 158
79 168
199 383
205 360
23 172
121 208
189 421
151 338
44 335
296 408
178 195
193 492
218 440
103 236
329 373
18 196
210 337
133 174
24 152
59 350
115 309
165 406
107 271
35 122
167 328
342 448
363 390
331 432
273 485
39 96
259 342
75 279
248 379
278 470
3 395
123 211
267 442
160 208
177 283
304 403
400 440
119 207
30 59
58 367
166 205
88 167
362 458
270 467
13 326
179 243
182 327
53 422
23 486
259 315
65 348
41 493
164 211
261 305
172 327
48 386
321 453
315 362
35 73
358 407
13 413
206 277
39 252
302 463
63 286
165 451
410 495
388 394
214 354
230 264
52 399
290 306
86 379
34 78
145 482
24 494
238 449
230 354
258 332
332 459
333 467
217 226
163 492
54 65
160 360
138 195
79 303
322 422
179 467
61 168
329 450
437 476
21 347
158 168
8 233
77 177
241 342
395 454
55 191
184 289
166 209
198 321
226 465
351 395
86 408
283 430
133 203
86 108
29 92
255 442
84 288
108 357
199 499
418 486
434 479
419 487
119 312
26 409
113 431
18 451
489 500
88 391
239 240
21 36
114 273
247 404
126 316
404 500
355 476
107 198
357 416
24 385
6 314
377 471
339 488
13 300
118 376
164 209
102 287
81 424
96 428
160 465
430 442
107 219
183 417
36 226
38 250
21 242
91 227
10 169
53 185
60 415
200 311
36 200
184 209
69 146
161 465
469 484
420 460
156 475
15 196
282 493
89 419
241 366
94 336
129 162
472 478
56 104
371 444
29 424
175 313
237 462
30 151
99 394
262 426
386 468
134 163
292 343
87 437
18 200
68 95
78 358
8 90
134 197
315 343
200 240
417 428
250 471
49 491
420 493
81 246
71 246
305 494
356 463
111 346
388 438
173 374
49 296
20 276
444 465
256 367
400 457
162 279
17 181
228 492
198 280
234 320
154 454
174 433
400 435
218 271
307 449
191 198
368 400
267 292
372 470
2 178
151 412
140 282
160 243
37 434
101 212
59 426
84 198
334 469
460 471
147 277
196 478
162 346
200 430
121 363
88 412
83 401
146 164
63 460
396 466
377 384
100 300
144 436
349 430
259 391
129 320
258 356
291 494
233 429
249 324
13 376
35 471
30 450
45 282
78 248
296 436
299 320
297 336
11 257
337 374
318 495
353 444
161 295
22 449
269 351
96 98
46 448
263 372
117 409
324 394
129 249
40 375
258 466
5 17
259 473
206 262
180 261
10 257
159 249
162 188
74 255
98 336
51 284
38 189
209 426
347 427
284 412
60 294
139 160
436 477
363 500
266 276
313 372
22 486
171 431
31 320
48 434
156 402
85 111
175 280
45 301
197 432
139 485
41 258
73 309
44 249
184 431
14 315
60 141
358 409
205 423
77 456
305 410
78 442
174 233
317 431
306 481
7 20
240 267
143 197
307 348
39 367
98 466
19 420
10 274
35 50
332 465
283 491
119 139
451 464
158 484
78 425
109 394
28 80
179 456
5 95
325 465
77 260
92 206
147 214
235 373
63 227
95 446
73 205
245 308
374 407
17 393
60 400
344 444
45 218
162 321
6 133
234 277
230 386
82 115
386 409
107 341
56 189
90 211
117 141
65 168
51 393
187 440
59 298
144 360
147 178
42 376
173 343
62 176
156 480
197 368
126 280
117 309
386 455
280 307
31 136
362 433
49 135
100 232
21 162
168 426
42 249
324 496
133 227
80 288
170 315
257 297
302 468
136 219
113 132
84 326
366 426
86 216
19 134
426 458
32 370
318 381
106 338
122 284
196 396
206 463
236 304
273 314
91 329
272 289
130 358
38 434
413 456
327 435
129 414
234 339
5 345
244 263
114 454
52 294
267 322
430 439
344 418
188 238
