0 1
0 45
1 2
1 46
2 3
2 47
3 4
3 48
4 5
4 49
5 6
5 50
6 7
6 51
7 8
7 52
8 9
8 53
9 10
9 54
10 11
10 55
11 12
11 56
12 13
12 57
13 14
13 58
14 15
14 59
15 16
15 60
16 17
16 61
17 18
17 62
18 19
18 63
19 20
19 64
20 21
20 65
21 22
21 66
22 23
22 67
23 24
23 68
24 25
24 69
25 26
25 70
26 27
26 71
27 28
27 72
28 29
28 73
29 30
29 74
30 31
30 75
31 32
31 76
32 33
32 77
33 34
33 78
34 35
34 79
35 36
35 80
36 37
36 81
37 38
37 82
38 39
38 83
39 40
39 84
40 41
40 85
41 42
41 86
42 43
42 87
43 44
43 88
44 89
45 46
45 90
46 47
46 91
47 48
47 92
48 49
48 93
49 50
49 94
50 51
50 95
51 52
51 96
52 53
52 97
53 54
53 98
54 55
54 99
55 56
55 100
56 57
56 101
57 58
57 102
58 59
58 103
59 60
59 104
60 61
60 105
61 62
61 106
62 63
62 107
63 64
63 108
64 65
64 109
65 66
65 110
66 67
66 111
67 68
67 112
68 69
68 113
69 70
69 114
70 71
70 115
71 72
71 116
72 73
72 117
73 74
73 118
74 75
74 119
75 76
75 120
76 77
76 121
77 78
77 122
78 79
78 123
79 80
79 124
80 81
80 125
81 82
81 126
82 83
82 127
83 84
83 128
84 85
84 129
85 86
85 130
86 87
86 131
87 88
87 132
88 89
88 133
89 134
90 91
90 135
91 92
91 136
92 93
92 137
93 94
93 138
94 95
94 139
95 96
95 140
96 97
96 141
97 98
97 142
98 99
98 143
99 100
99 144
100 101
100 145
101 102
101 146
102 103
102 147
103 104
103 148
104 105
104 149
105 106
105 150
106 107
106 151
107 108
107 152
108 109
108 153
109 110
109 154
110 111
110 155
111 112
111 156
112 113
112 157
113 114
113 158
114 115
114 159
115 116
115 160
116 117
116 161
117 118
117 162
118 119
118 163
119 120
119 164
120 121
120 165
121 122
121 166
122 123
122 167
123 124
123 168
124 125
124 169
125 126
125 170
126 127
126 171
127 128
127 172
128 129
128 173
129 130
129 174
130 131
130 175
131 132
131 176
132 133
132 177
133 134
133 178
134 179
135 136
135 180
136 137
136 181
137 138
137 182
138 139
138 183
139 140
139 184
140 141
140 185
141 142
141 186
142 143
142 187
143 144
143 188
144 145
144 189
145 146
145 190
146 147
146 191
147 148
147 192
148 149
148 193
149 150
149 194
150 151
150 195
151 152
151 196
152 153
152 197
153 154
153 198
154 155
154 199
155 156
155 200
156 157
156 201
157 158
157 202
158 159
158 203
159 160
159 204
160 161
160 205
161 162
161 206
162 163
162 207
163 164
163 208
164 165
164 209
165 166
165 210
166 167
166 211
167 168
167 212
168 169
168 213
169 170
169 214
170 171
170 215
171 172
171 216
172 173
172 217
173 174
173 218
174 175
174 219
175 176
175 220
176 177
176 221
177 178
177 222
178 179
178 223
179 224
180 181
180 225
181 182
181 226
182 183
182 227
183 184
183 228
184 185
184 229
185 186
185 230
186 187
186 231
187 188
187 232
188 189
188 233
189 190
189 234
190 191
190 235
191 192
191 236
192 193
192 237
193 194
193 238
194 195
194 239
195 196
195 240
196 197
196 241
197 198
197 242
198 199
198 243
199 200
199 244
200 201
200 245
201 202
201 246
202 203
202 247
203 204
203 248
204 205
204 249
205 206
205 250
206 207
206 251
207 208
207 252
208 209
208 253
209 210
209 254
210 211
210 255
211 212
211 256
212 213
212 257
213 214
213 258
214 215
214 259
215 216
215 260
216 217
216 261
217 218
217 262
218 219
218 263
219 220
219 264
220 221
220 265
221 222
221 266
222 223
222 267
223 224
223 268
224 269
225 226
225 270
226 227
226 271
227 228
227 272
228 229
228 273
229 230
229 274
230 231
230 275
231 232
231 276
232 233
232 277
233 234
233 278
234 235
234 279
235 236
235 280
236 237
236 281
237 238
237 282
238 239
238 283
239 240
239 284
240 241
240 285
241 242
241 286
242 243
242 287
243 244
243 288
244 245
244 289
245 246
245 290
246 247
246 291
247 248
247 292
248 249
248 293
249 250
249 294
250 251
250 295
251 252
251 296
252 253
252 297
253 254
253 298
254 255
254 299
255 256
255 300
256 257
256 301
257 258
257 302
258 259
258 303
259 260
259 304
260 261
260 305
261 262
261 306
262 263
262 307
263 264
263 308
264 265
264 309
265 266
265 310
266 267
266 311
267 268
267 312
268 269
268 313
269 314
270 271
270 315
271 272
271 316
272 273
272 317
273 274
273 318
274 275
274 319
275 276
275 320
276 277
276 321
277 278
277 322
278 279
278 323
279 280
279 324
280 281
280 325
281 282
281 326
282 283
282 327
283 284
283 328
284 285
284 329
285 286
285 330
286 287
286 331
287 288
287 332
288 289
288 333
289 290
289 334
290 291
290 335
291 292
291 336
292 293
292 337
293 294
293 338
294 295
294 339
295 296
295 340
296 297
296 341
297 298
297 342
298 299
298 343
299 300
299 344
300 301
300 345
301 302
301 346
302 303
302 347
303 304
303 348
304 305
304 349
305 306
305 350
306 307
306 351
307 308
307 352
308 309
308 353
309 310
309 354
310 311
310 355
311 312
311 356
312 313
312 357
313 314
313 358
314 359
315 316
315 360
316 317
316 361
317 318
317 362
318 319
318 363
319 320
319 364
320 321
320 365
321 322
321 366
322 323
322 367
323 324
323 368
324 325
324 369
325 326
325 370
326 327
326 371
327 328
327 372
328 329
328 373
329 330
329 374
330 331
330 375
331 332
331 376
332 333
332 377
333 334
333 378
334 335
334 379
335 336
335 380
336 337
336 381
337 338
337 382
338 339
338 383
339 340
339 384
340 341
340 385
341 342
341 386
342 343
342 387
343 344
343 388
344 345
344 389
345 346
345 390
346 347
346 391
347 348
347 392
348 349
348 393
349 350
349 394
350 351
350 395
351 352
351 396
352 353
352 397
353 354
353 398
354 355
354 399
355 356
355 400
356 357
356 401
357 358
357 402
358 359
358 403
359 404
360 361
360 405
361 362
361 406
362 363
362 407
363 364
363 408
364 365
364 409
365 366
365 410
366 367
366 411
367 368
367 412
368 369
368 413
369 370
369 414
370 371
370 415
371 372
371 416
372 373
372 417
373 374
373 418
374 375
374 419
375 376
375 420
376 377
376 421
377 378
377 422
378 379
378 423
379 380
379 424
380 381
380 425
381 382
381 426
382 383
382 427
383 384
383 428
384 385
384 429
385 386
385 430
386 387
386 431
387 388
387 432
388 389
388 433
389 390
389 434
390 391
390 435
391 392
391 436
392 393
392 437
393 394
393 438
394 395
394 439
395 396
395 440
396 397
396 441
397 398
397 442
398 399
398 443
399 400
399 444
400 401
400 445
401 402
401 446
402 403
402 447
403 404
403 448
404 449
405 406
405 450
406 407
406 451
407 408
407 452
408 409
408 453
409 410
409 454
410 411
410 455
411 412
411 456
412 413
412 457
413 414
413 458
414 415
414 459
415 416
415 460
416 417
416 461
417 418
417 462
418 419
418 463
419 420
419 464
420 421
420 465
421 422
421 466
422 423
422 467
423 424
423 468
424 425
424 469
425 426
425 470
426 427
426 471
427 428
427 472
428 429
428 473
429 430
429 474
430 431
430 475
431 432
431 476
432 433
432 477
433 434
433 478
434 435
434 479
435 436
435 480
436 437
436 481
437 438
437 482
438 439
438 483
439 440
439 484
440 441
440 485
441 442
441 486
442 443
442 487
443 444
443 488
444 445
444 489
445 446
445 490
446 447
446 491
447 448
447 492
448 449
448 493
449 494
450 451
450 495
451 452
451 496
452 453
452 497
453 454
453 498
454 455
454 499
455 456
455 500
456 457
456 501
457 458
457 502
458 459
458 503
459 460
459 504
460 461
460 505
461 462
461 506
462 463
462 507
463 464
463 508
464 465
464 509
465 466
465 510
466 467
466 511
467 468
467 512
468 469
468 513
469 470
469 514
470 471
470 515
471 472
471 516
472 473
472 517
473 474
473 518
474 475
474 519
475 476
475 520
476 477
476 521
477 478
477 522
478 479
478 523
479 480
479 524
480 481
480 525
481 482
481 526
482 483
482 527
483 484
483 528
484 485
484 529
485 486
485 530
486 487
486 531
487 488
487 532
488 489
488 533
489 490
489 534
490 491
490 535
491 492
491 536
492 493
492 537
493 494
493 538
494 539
495 496
495 540
496 497
496 541
497 498
497 542
498 499
498 543
499 500
499 544
500 501
500 545
501 502
501 546
502 503
502 547
503 504
503 548
504 505
504 549
505 506
505 550
506 507
506 551
507 508
507 552
508 509
508 553
509 510
509 554
510 511
510 555
511 512
511 556
512 513
512 557
513 514
513 558
514 515
514 559
515 516
515 560
516 517
516 561
517 518
517 562
518 519
518 563
519 520
519 564
520 521
520 565
521 522
521 566
522 523
522 567
523 524
523 568
524 525
524 569
525 526
525 570
526 527
526 571
527 528
527 572
528 529
528 573
529 530
529 574
530 531
530 575
531 532
531 576
532 533
532 577
533 534
533 578
534 535
534 579
535 536
535 580
536 537
536 581
537 538
537 582
538 539
538 583
539 584
540 541
540 585
541 542
541 586
542 543
542 587
543 544
543 588
544 545
544 589
545 546
545 590
546 547
546 591
547 548
547 592
548 549
548 593
549 550
549 594
550 551
550 595
551 552
551 596
552 553
552 597
553 554
553 598
554 555
554 599
555 556
555 600
556 557
556 601
557 558
557 602
558 559
558 603
559 560
559 604
560 561
560 605
561 562
561 606
562 563
562 607
563 564
563 608
564 565
564 609
565 566
565 610
566 567
566 611
567 568
567 612
568 569
568 613
569 570
569 614
570 571
570 615
571 572
571 616
572 573
572 617
573 574
573 618
574 575
574 619
575 576
575 620
576 577
576 621
577 578
577 622
578 579
578 623
579 580
579 624
580 581
580 625
581 582
581 626
582 583
582 627
583 584
583 628
584 629
585 586
585 630
586 587
586 631
587 588
587 632
588 589
588 633
589 590
589 634
590 591
590 635
591 592
591 636
592 593
592 637
593 594
593 638
594 595
594 639
595 596
595 640
596 597
596 641
597 598
597 642
598 599
598 643
599 600
599 644
600 601
600 645
601 602
601 646
602 603
602 647
603 604
603 648
604 605
604 649
605 606
605 650
606 607
606 651
607 608
607 652
608 609
608 653
609 610
609 654
610 611
610 655
611 612
611 656
612 613
612 657
613 614
613 658
614 615
614 659
615 616
615 660
616 617
616 661
617 618
617 662
618 619
618 663
619 620
619 664
620 621
620 665
621 622
621 666
622 623
622 667
623 624
623 668
624 625
624 669
625 626
625 670
626 627
626 671
627 628
627 672
628 629
628 673
629 674
630 631
630 675
631 632
631 676
632 633
632 677
633 634
633 678
634 635
634 679
635 636
635 680
636 637
636 681
637 638
637 682
638 639
638 683
639 640
639 684
640 641
640 685
641 642
641 686
642 643
642 687
643 644
643 688
644 645
644 689
645 646
645 690
646 647
646 691
647 648
647 692
648 649
648 693
649 650
649 694
650 651
650 695
651 652
651 696
652 653
652 697
653 654
653 698
654 655
654 699
655 656
655 700
656 657
656 701
657 658
657 702
658 659
658 703
659 660
659 704
660 661
660 705
661 662
661 706
662 663
662 707
663 664
663 708
664 665
664 709
665 666
665 710
666 667
666 711
667 668
667 712
668 669
668 713
669 670
669 714
670 671
670 715
671 672
671 716
672 673
672 717
673 674
673 718
674 719
675 676
675 720
676 677
676 721
677 678
677 722
678 679
678 723
679 680
679 724
680 681
680 725
681 682
681 726
682 683
682 727
683 684
683 728
684 685
684 729
685 686
685 730
686 687
686 731
687 688
687 732
688 689
688 733
689 690
689 734
690 691
690 735
691 692
691 736
692 693
692 737
693 694
693 738
694 695
694 739
695 696
695 740
696 697
696 741
697 698
697 742
698 699
698 743
699 700
699 744
700 701
700 745
701 702
701 746
702 703
702 747
703 704
703 748
704 705
704 749
705 706
705 750
706 707
706 751
707 708
707 752
708 709
708 753
709 710
709 754
710 711
710 755
711 712
711 756
712 713
712 757
713 714
713 758
714 715
714 759
715 716
715 760
716 717
716 761
717 718
717 762
718 719
718 763
719 764
720 721
720 765
721 722
721 766
722 723
722 767
723 724
723 768
724 725
724 769
725 726
725 770
726 727
726 771
727 728
727 772
728 729
728 773
729 730
729 774
730 731
730 775
731 732
731 776
732 733
732 777
733 734
733 778
734 735
734 779
735 736
735 780
736 737
736 781
737 738
737 782
738 739
738 783
739 740
739 784
740 741
740 785
741 742
741 786
742 743
742 787
743 744
743 788
744 745
744 789
745 746
745 790
746 747
746 791
747 748
747 792
748 749
748 793
749 750
749 794
750 751
750 795
751 752
751 796
752 753
752 797
753 754
753 798
754 755
754 799
755 756
755 800
756 757
756 801
757 758
757 802
758 759
758 803
759 760
759 804
760 761
760 805
761 762
761 806
762 763
762 807
763 764
763 808
764 809
765 766
765 810
766 767
766 811
767 768
767 812
768 769
768 813
769 770
769 814
770 771
770 815
771 772
771 816
772 773
772 817
773 774
773 818
774 775
774 819
775 776
775 820
776 777
776 821
777 778
777 822
778 779
778 823
779 780
779 824
780 781
780 825
781 782
781 826
782 783
782 827
783 784
783 828
784 785
784 829
785 786
785 830
786 787
786 831
787 788
787 832
788 789
788 833
789 790
789 834
790 791
790 835
791 792
791 836
792 793
792 837
793 794
793 838
794 795
794 839
795 796
795 840
796 797
796 841
797 798
797 842
798 799
798 843
799 800
799 844
800 801
800 845
801 802
801 846
802 803
802 847
803 804
803 848
804 805
804 849
805 806
805 850
806 807
806 851
807 808
807 852
808 809
808 853
809 854
810 811
810 855
811 812
811 856
812 813
812 857
813 814
813 858
814 815
814 859
815 816
815 860
816 817
816 861
817 818
817 862
818 819
818 863
819 820
819 864
820 821
820 865
821 822
821 866
822 823
822 867
823 824
823 868
824 825
824 869
825 826
825 870
826 827
826 871
827 828
827 872
828 829
828 873
829 830
829 874
830 831
830 875
831 832
831 876
832 833
832 877
833 834
833 878
834 835
834 879
835 836
835 880
836 837
836 881
837 838
837 882
838 839
838 883
839 840
839 884
840 841
840 885
841 842
841 886
842 843
842 887
843 844
843 888
844 845
844 889
845 846
845 890
846 847
846 891
847 848
847 892
848 849
848 893
849 850
849 894
850 851
850 895
851 852
851 896
852 853
852 897
853 854
853 898
854 899
855 856
855 900
856 857
856 901
857 858
857 902
858 859
858 903
859 860
859 904
860 861
860 905
861 862
861 906
862 863
862 907
863 864
863 908
864 865
864 909
865 866
865 910
866 867
866 911
867 868
867 912
868 869
868 913
869 870
869 914
870 871
870 915
871 872
871 916
872 873
872 917
873 874
873 918
874 875
874 919
875 876
875 920
876 877
876 921
877 878
877 922
878 879
878 923
879 880
879 924
880 881
880 925
881 882
881 926
882 883
882 927
883 884
883 928
884 885
884 929
885 886
885 930
886 887
886 931
887 888
887 932
888 889
888 933
889 890
889 934
890 891
890 935
891 892
891 936
892 893
892 937
893 894
893 938
894 895
894 939
895 896
895 940
896 897
896 941
897 898
897 942
898 899
898 943
899 944
900 901
900 945
901 902
901 946
902 903
902 947
903 904
903 948
904 905
904 949
905 906
905 950
906 907
906 951
907 908
907 952
908 909
908 953
909 910
909 954
910 911
910 955
911 912
911 956
912 913
912 957
913 914
913 958
914 915
914 959
915 916
915 960
916 917
916 961
917 918
917 962
918 919
918 963
919 920
919 964
920 921
920 965
921 922
921 966
922 923
922 967
923 924
923 968
924 925
924 969
925 926
925 970
926 927
926 971
927 928
927 972
928 929
928 973
929 930
929 974
930 931
930 975
931 932
931 976
932 933
932 977
933 934
933 978
934 935
934 979
935 936
935 980
936 937
936 981
937 938
937 982
938 939
938 983
939 940
939 984
940 941
940 985
941 942
941 986
942 943
942 987
943 944
943 988
944 989
945 946
945 990
946 947
946 991
947 948
947 992
948 949
948 993
949 950
949 994
950 951
950 995
951 952
951 996
952 953
952 997
953 954
953 998
954 955
954 999
955 956
955 1000
956 957
956 1001
957 958
957 1002
958 959
958 1003
959 960
959 1004
960 961
960 1005
961 962
961 1006
962 963
962 1007
963 964
963 1008
964 965
964 1009
965 966
965 1010
966 967
966 1011
967 968
967 1012
968 969
968 1013
969 970
969 1014
970 971
970 1015
971 972
971 1016
972 973
972 1017
973 974
973 1018
974 975
974 1019
975 976
975 1020
976 977
976 1021
977 978
977 1022
978 979
978 1023
979 980
979 1024
980 981
980 1025
981 982
981 1026
982 983
982 1027
983 984
983 1028
984 985
984 1029
985 986
985 1030
986 987
986 1031
987 988
987 1032
988 989
988 1033
989 1034
990 991
990 1035
991 992
991 1036
992 993
992 1037
993 994
993 1038
994 995
994 1039
995 996
995 1040
996 997
996 1041
997 998
997 1042
998 999
998 1043
999 1000
999 1044
1000 1001
1000 1045
1001 1002
1001 1046
1002 1003
1002 1047
1003 1004
1003 1048
1004 1005
1004 1049
1005 1006
1005 1050
1006 1007
1006 1051
1007 1008
1007 1052
1008 1009
1008 1053
1009 1010
1009 1054
1010 1011
1010 1055
1011 1012
1011 1056
1012 1013
1012 1057
1013 1014
1013 1058
1014 1015
1014 1059
1015 1016
1015 1060
1016 1017
1016 1061
1017 1018
1017 1062
1018 1019
1018 1063
1019 1020
1019 1064
1020 1021
1020 1065
1021 1022
1021 1066
1022 1023
1022 1067
1023 1024
1023 1068
1024 1025
1024 1069
1025 1026
1025 1070
1026 1027
1026 1071
1027 1028
1027 1072
1028 1029
1028 1073
1029 1030
1029 1074
1030 1031
1030 1075
1031 1032
1031 1076
1032 1033
1032 1077
1033 1034
1033 1078
1034 1079
1035 1036
1035 1080
1036 1037
1036 1081
1037 1038
1037 1082
1038 1039
1038 1083
1039 1040
1039 1084
1040 1041
1040 1085
1041 1042
1041 1086
1042 1043
1042 1087
1043 1044
1043 1088
1044 1045
1044 1089
1045 1046
1045 1090
1046 1047
1046 1091
1047 1048
1047 1092
1048 1049
1048 1093
1049 1050
1049 1094
1050 1051
1050 1095
1051 1052
1051 1096
1052 1053
1052 1097
1053 1054
1053 1098
1054 1055
1054 1099
1055 1056
1055 1100
1056 1057
1056 1101
1057 1058
1057 1102
1058 1059
1058 1103
1059 1060
1059 1104
1060 1061
1060 1105
1061 1062
1061 1106
1062 1063
1062 1107
1063 1064
1063 1108
1064 1065
1064 1109
1065 1066
1065 1110
1066 1067
1066 1111
1067 1068
1067 1112
1068 1069
1068 1113
1069 1070
1069 1114
1070 1071
1070 1115
1071 1072
1071 1116
1072 1073
1072 1117
1073 1074
1073 1118
1074 1075
1074 1119
1075 1076
1075 1120
1076 1077
1076 1121
1077 1078
1077 1122
1078 1079
1078 1123
1079 1124
1080 1081
1080 1125
1081 1082
1081 1126
1082 1083
1082 1127
1083 1084
1083 1128
1084 1085
1084 1129
1085 1086
1085 1130
1086 1087
1086 1131
1087 1088
1087 1132
1088 1089
1088 1133
1089 1090
1089 1134
1090 1091
1090 1135
1091 1092
1091 1136
1092 1093
1092 1137
1093 1094
1093 1138
1094 1095
1094 1139
1095 1096
1095 1140
1096 1097
1096 1141
1097 1098
1097 1142
1098 1099
1098 1143
1099 1100
1099 1144
1100 1101
1100 1145
1101 1102
1101 1146
1102 1103
1102 1147
1103 1104
1103 1148
1104 1105
1104 1149
1105 1106
1105 1150
1106 1107
1106 1151
1107 1108
1107 1152
1108 1109
1108 1153
1109 1110
1109 1154
1110 1111
1110 1155
1111 1112
1111 1156
1112 1113
1112 1157
1113 1114
1113 1158
1114 1115
1114 1159
1115 1116
1115 1160
1116 1117
1116 1161
1117 1118
1117 1162
1118 1119
1118 1163
1119 1120
1119 1164
1120 1121
1120 1165
1121 1122
1121 1166
1122 1123
1122 1167
1123 1124
1123 1168
1124 1169
1125 1126
1125 1170
1126 1127
1126 1171
1127 1128
1127 1172
1128 1129
1128 1173
1129 1130
1129 1174
1130 1131
1130 1175
1131 1132
1131 1176
1132 1133
1132 1177
1133 1134
1133 1178
1134 1135
1134 1179
1135 1136
1135 1180
1136 1137
1136 1181
1137 1138
1137 1182
1138 1139
1138 1183
1139 1140
1139 1184
1140 1141
1140 1185
1141 1142
1141 1186
1142 1143
1142 1187
1143 1144
1143 1188
1144 1145
1144 1189
1145 1146
1145 1190
1146 1147
1146 1191
1147 1148
1147 1192
1148 1149
1148 1193
1149 1150
1149 1194
1150 1151
1150 1195
1151 1152
1151 1196
1152 1153
1152 1197
1153 1154
1153 1198
1154 1155
1154 1199
1155 1156
1155 1200
1156 1157
1156 1201
1157 1158
1157 1202
1158 1159
1158 1203
1159 1160
1159 1204
1160 1161
1160 1205
1161 1162
1161 1206
1162 1163
1162 1207
1163 1164
1163 1208
1164 1165
1164 1209
1165 1166
1165 1210
1166 1167
1166 1211
1167 1168
1167 1212
1168 1169
1168 1213
1169 1214
1170 1171
1170 1215
1171 1172
1171 1216
1172 1173
1172 1217
1173 1174
1173 1218
1174 1175
1174 1219
1175 1176
1175 1220
1176 1177
1176 1221
1177 1178
1177 1222
1178 1179
1178 1223
1179 1180
1179 1224
1180 1181
1180 1225
1181 1182
1181 1226
1182 1183
1182 1227
1183 1184
1183 1228
1184 1185
1184 1229
1185 1186
1185 1230
1186 1187
1186 1231
1187 1188
1187 1232
1188 1189
1188 1233
1189 1190
1189 1234
1190 1191
1190 1235
1191 1192
1191 1236
1192 1193
1192 1237
1193 1194
1193 1238
1194 1195
1194 1239
1195 1196
1195 1240
1196 1197
1196 1241
1197 1198
1197 1242
1198 1199
1198 1243
1199 1200
1199 1244
1200 1201
1200 1245
1201 1202
1201 1246
1202 1203
1202 1247
1203 1204
1203 1248
1204 1205
1204 1249
1205 1206
1205 1250
1206 1207
1206 1251
1207 1208
1207 1252
1208 1209
1208 1253
1209 1210
1209 1254
1210 1211
1210 1255
1211 1212
1211 1256
1212 1213
1212 1257
1213 1214
1213 1258
1214 1259
1215 1216
1215 1260
1216 1217
1216 1261
1217 1218
1217 1262
1218 1219
1218 1263
1219 1220
1219 1264
1220 1221
1220 1265
1221 1222
1221 1266
1222 1223
1222 1267
1223 1224
1223 1268
1224 1225
1224 1269
1225 1226
1225 1270
1226 1227
1226 1271
1227 1228
1227 1272
1228 1229
1228 1273
1229 1230
1229 1274
1230 1231
1230 1275
1231 1232
1231 1276
1232 1233
1232 1277
1233 1234
1233 1278
1234 1235
1234 1279
1235 1236
1235 1280
1236 1237
1236 1281
1237 1238
1237 1282
1238 1239
1238 1283
1239 1240
1239 1284
1240 1241
1240 1285
1241 1242
1241 1286
1242 1243
1242 1287
1243 1244
1243 1288
1244 1245
1244 1289
1245 1246
1245 1290
1246 1247
1246 1291
1247 1248
1247 1292
1248 1249
1248 1293
1249 1250
1249 1294
1250 1251
1250 1295
1251 1252
1251 1296
1252 1253
1252 1297
1253 1254
1253 1298
1254 1255
1254 1299
1255 1256
1255 1300
1256 1257
1256 1301
1257 1258
1257 1302
1258 1259
1258 1303
1259 1304
1260 1261
1260 1305
1261 1262
1261 1306
1262 1263
1262 1307
1263 1264
1263 1308
1264 1265
1264 1309
1265 1266
1265 1310
1266 1267
1266 1311
1267 1268
1267 1312
1268 1269
1268 1313
1269 1270
1269 1314
1270 1271
1270 1315
1271 1272
1271 1316
1272 1273
1272 1317
1273 1274
1273 1318
1274 1275
1274 1319
1275 1276
1275 1320
1276 1277
1276 1321
1277 1278
1277 1322
1278 1279
1278 1323
1279 1280
1279 1324
1280 1281
1280 1325
1281 1282
1281 1326
1282 1283
1282 1327
1283 1284
1283 1328
1284 1285
1284 1329
1285 1286
1285 1330
1286 1287
1286 1331
1287 1288
1287 1332
1288 1289
1288 1333
1289 1290
1289 1334
1290 1291
1290 1335
1291 1292
1291 1336
1292 1293
1292 1337
1293 1294
1293 1338
1294 1295
1294 1339
1295 1296
1295 1340
1296 1297
1296 1341
1297 1298
1297 1342
1298 1299
1298 1343
1299 1300
1299 1344
1300 1301
1300 1345
1301 1302
1301 1346
1302 1303
1302 1347
1303 1304
1303 1348
1304 1349
1305 1306
1305 1350
1306 1307
1306 1351
1307 1308
1307 1352
1308 1309
1308 1353
1309 1310
1309 1354
1310 1311
1310 1355
1311 1312
1311 1356
1312 1313
1312 1357
1313 1314
1313 1358
1314 1315
1314 1359
1315 1316
1315 1360
1316 1317
1316 1361
1317 1318
1317 1362
1318 1319
1318 1363
1319 1320
1319 1364
1320 1321
1320 1365
1321 1322
1321 1366
1322 1323
1322 1367
1323 1324
1323 1368
1324 1325
1324 1369
1325 1326
1325 1370
1326 1327
1326 1371
1327 1328
1327 1372
1328 1329
1328 1373
1329 1330
1329 1374
1330 1331
1330 1375
1331 1332
1331 1376
1332 1333
1332 1377
1333 1334
1333 1378
1334 1335
1334 1379
1335 1336
1335 1380
1336 1337
1336 1381
1337 1338
1337 1382
1338 1339
1338 1383
1339 1340
1339 1384
1340 1341
1340 1385
1341 1342
1341 1386
1342 1343
1342 1387
1343 1344
1343 1388
1344 1345
1344 1389
1345 1346
1345 1390
1346 1347
1346 1391
1347 1348
1347 1392
1348 1349
1348 1393
1349 1394
1350 1351
1350 1395
1351 1352
1351 1396
1352 1353
1352 1397
1353 1354
1353 1398
1354 1355
1354 1399
1355 1356
1355 1400
1356 1357
1356 1401
1357 1358
1357 1402
1358 1359
1358 1403
1359 1360
1359 1404
1360 1361
1360 1405
1361 1362
1361 1406
1362 1363
1362 1407
1363 1364
1363 1408
1364 1365
1364 1409
1365 1366
1365 1410
1366 1367
1366 1411
1367 1368
1367 1412
1368 1369
1368 1413
1369 1370
1369 1414
1370 1371
1370 1415
1371 1372
1371 1416
1372 1373
1372 1417
1373 1374
1373 1418
1374 1375
1374 1419
1375 1376
1375 1420
1376 1377
1376 1421
1377 1378
1377 1422
1378 1379
1378 1423
1379 1380
1379 1424
1380 1381
1380 1425
1381 1382
1381 1426
1382 1383
1382 1427
1383 1384
1383 1428
1384 1385
1384 1429
1385 1386
1385 1430
1386 1387
1386 1431
1387 1388
1387 1432
1388 1389
1388 1433
1389 1390
1389 1434
1390 1391
1390 1435
1391 1392
1391 1436
1392 1393
1392 1437
1393 1394
1393 1438
1394 1439
1395 1396
1395 1440
1396 1397
1396 1441
1397 1398
1397 1442
1398 1399
1398 1443
1399 1400
1399 1444
1400 1401
1400 1445
1401 1402
1401 1446
1402 1403
1402 1447
1403 1404
1403 1448
1404 1405
1404 1449
1405 1406
1405 1450
1406 1407
1406 1451
1407 1408
1407 1452
1408 1409
1408 1453
1409 1410
1409 1454
1410 1411
1410 1455
1411 1412
1411 1456
1412 1413
1412 1457
1413 1414
1413 1458
1414 1415
1414 1459
1415 1416
1415 1460
1416 1417
1416 1461
1417 1418
1417 1462
1418 1419
1418 1463
1419 1420
1419 1464
1420 1421
1420 1465
1421 1422
1421 1466
1422 1423
1422 1467
1423 1424
1423 1468
1424 1425
1424 1469
1425 1426
1425 1470
1426 1427
1426 1471
1427 1428
1427 1472
1428 1429
1428 1473
1429 1430
1429 1474
1430 1431
1430 1475
1431 1432
1431 1476
1432 1433
1432 1477
1433 1434
1433 1478
1434 1435
1434 1479
1435 1436
1435 1480
1436 1437
1436 1481
1437 1438
1437 1482
1438 1439
1438 1483
1439 1484
1440 1441
1440 1485
1441 1442
1441 1486
1442 1443
1442 1487
1443 1444
1443 1488
1444 1445
1444 1489
1445 1446
1445 1490
1446 1447
1446 1491
1447 1448
1447 1492
1448 1449
1448 1493
1449 1450
1449 1494
1450 1451
1450 1495
1451 1452
1451 1496
1452 1453
1452 1497
1453 1454
1453 1498
1454 1455
1454 1499
1455 1456
1455 1500
1456 1457
1456 1501
1457 1458
1457 1502
1458 1459
1458 1503
1459 1460
1459 1504
1460 1461
1460 1505
1461 1462
1461 1506
1462 1463
1462 1507
1463 1464
1463 1508
1464 1465
1464 1509
1465 1466
1465 1510
1466 1467
1466 1511
1467 1468
1467 1512
1468 1469
1468 1513
1469 1470
1469 1514
1470 1471
1470 1515
1471 1472
1471 1516
1472 1473
1472 1517
1473 1474
1473 1518
1474 1475
1474 1519
1475 1476
1475 1520
1476 1477
1476 1521
1477 1478
1477 1522
1478 1479
1478 1523
1479 1480
1479 1524
1480 1481
1480 1525
1481 1482
1481 1526
1482 1483
1482 1527
1483 1484
1483 1528
1484 1529
1485 1486
1485 1530
1486 1487
1486 1531
1487 1488
1487 1532
1488 1489
1488 1533
1489 1490
1489 1534
1490 1491
1490 1535
1491 1492
1491 1536
1492 1493
1492 1537
1493 1494
1493 1538
1494 1495
1494 1539
1495 1496
1495 1540
1496 1497
1496 1541
1497 1498
1497 1542
1498 1499
1498 1543
1499 1500
1499 1544
1500 1501
1500 1545
1501 1502
1501 1546
1502 1503
1502 1547
1503 1504
1503 1548
1504 1505
1504 1549
1505 1506
1505 1550
1506 1507
1506 1551
1507 1508
1507 1552
1508 1509
1508 1553
1509 1510
1509 1554
1510 1511
1510 1555
1511 1512
1511 1556
1512 1513
1512 1557
1513 1514
1513 1558
1514 1515
1514 1559
1515 1516
1515 1560
1516 1517
1516 1561
1517 1518
1517 1562
1518 1519
1518 1563
1519 1520
1519 1564
1520 1521
1520 1565
1521 1522
1521 1566
1522 1523
1522 1567
1523 1524
1523 1568
1524 1525
1524 1569
1525 1526
1525 1570
1526 1527
1526 1571
1527 1528
1527 1572
1528 1529
1528 1573
1529 1574
1530 1531
1530 1575
1531 1532
1531 1576
1532 1533
1532 1577
1533 1534
1533 1578
1534 1535
1534 1579
1535 1536
1535 1580
1536 1537
1536 1581
1537 1538
1537 1582
1538 1539
1538 1583
1539 1540
1539 1584
1540 1541
1540 1585
1541 1542
1541 1586
1542 1543
1542 1587
1543 1544
1543 1588
1544 1545
1544 1589
1545 1546
1545 1590
1546 1547
1546 1591
1547 1548
1547 1592
1548 1549
1548 1593
1549 1550
1549 1594
1550 1551
1550 1595
1551 1552
1551 1596
1552 1553
1552 1597
1553 1554
1553 1598
1554 1555
1554 1599
1555 1556
1555 1600
1556 1557
1556 1601
1557 1558
1557 1602
1558 1559
1558 1603
1559 1560
1559 1604
1560 1561
1560 1605
1561 1562
1561 1606
1562 1563
1562 1607
1563 1564
1563 1608
1564 1565
1564 1609
1565 1566
1565 1610
1566 1567
1566 1611
1567 1568
1567 1612
1568 1569
1568 1613
1569 1570
1569 1614
1570 1571
1570 1615
1571 1572
1571 1616
1572 1573
1572 1617
1573 1574
1573 1618
1574 1619
1575 1576
1575 1620
1576 1577
1576 1621
1577 1578
1577 1622
1578 1579
1578 1623
1579 1580
1579 1624
1580 1581
1580 1625
1581 1582
1581 1626
1582 1583
1582 1627
1583 1584
1583 1628
1584 1585
1584 1629
1585 1586
1585 1630
1586 1587
1586 1631
1587 1588
1587 1632
1588 1589
1588 1633
1589 1590
1589 1634
1590 1591
1590 1635
1591 1592
1591 1636
1592 1593
1592 1637
1593 1594
1593 1638
1594 1595
1594 1639
1595 1596
1595 1640
1596 1597
1596 1641
1597 1598
1597 1642
1598 1599
1598 1643
1599 1600
1599 1644
1600 1601
1600 1645
1601 1602
1601 1646
1602 1603
1602 1647
1603 1604
1603 1648
1604 1605
1604 1649
1605 1606
1605 1650
1606 1607
1606 1651
1607 1608
1607 1652
1608 1609
1608 1653
1609 1610
1609 1654
1610 1611
1610 1655
1611 1612
1611 1656
1612 1613
1612 1657
1613 1614
1613 1658
1614 1615
1614 1659
1615 1616
1615 1660
1616 1617
1616 1661
1617 1618
1617 1662
1618 1619
1618 1663
1619 1664
1620 1621
1620 1665
1621 1622
1621 1666
1622 1623
1622 1667
1623 1624
1623 1668
1624 1625
1624 1669
1625 1626
1625 1670
1626 1627
1626 1671
1627 1628
1627 1672
1628 1629
1628 1673
1629 1630
1629 1674
1630 1631
1630 1675
1631 1632
1631 1676
1632 1633
1632 1677
1633 1634
1633 1678
1634 1635
1634 1679
1635 1636
1635 1680
1636 1637
1636 1681
1637 1638
1637 1682
1638 1639
1638 1683
1639 1640
1639 1684
1640 1641
1640 1685
1641 1642
1641 1686
1642 1643
1642 1687
1643 1644
1643 1688
1644 1645
1644 1689
1645 1646
1645 1690
1646 1647
1646 1691
1647 1648
1647 1692
1648 1649
1648 1693
1649 1650
1649 1694
1650 1651
1650 1695
1651 1652
1651 1696
1652 1653
1652 1697
1653 1654
1653 1698
1654 1655
1654 1699
1655 1656
1655 1700
1656 1657
1656 1701
1657 1658
1657 1702
1658 1659
1658 1703
1659 1660
1659 1704
1660 1661
1660 1705
1661 1662
1661 1706
1662 1663
1662 1707
1663 1664
1663 1708
1664 1709
1665 1666
1665 1710
1666 1667
1666 1711
1667 1668
1667 1712
1668 1669
1668 1713
1669 1670
1669 1714
1670 1671
1670 1715
1671 1672
1671 1716
1672 1673
1672 1717
1673 1674
1673 1718
1674 1675
1674 1719
1675 1676
1675 1720
1676 1677
1676 1721
1677 1678
1677 1722
1678 1679
1678 1723
1679 1680
1679 1724
1680 1681
1680 1725
1681 1682
1681 1726
1682 1683
1682 1727
1683 1684
1683 1728
1684 1685
1684 1729
1685 1686
1685 1730
1686 1687
1686 1731
1687 1688
1687 1732
1688 1689
1688 1733
1689 1690
1689 1734
1690 1691
1690 1735
1691 1692
1691 1736
1692 1693
1692 1737
1693 1694
1693 1738
1694 1695
1694 1739
1695 1696
1695 1740
1696 1697
1696 1741
1697 1698
1697 1742
1698 1699
1698 1743
1699 1700
1699 1744
1700 1701
1700 1745
1701 1702
1701 1746
1702 1703
1702 1747
1703 1704
1703 1748
1704 1705
1704 1749
1705 1706
1705 1750
1706 1707
1706 1751
1707 1708
1707 1752
1708 1709
1708 1753
1709 1754
1710 1711
1710 1755
1711 1712
1711 1756
1712 1713
1712 1757
1713 1714
1713 1758
1714 1715
1714 1759
1715 1716
1715 1760
1716 1717
1716 1761
1717 1718
1717 1762
1718 1719
1718 1763
1719 1720
1719 1764
1720 1721
1720 1765
1721 1722
1721 1766
1722 1723
1722 1767
1723 1724
1723 1768
1724 1725
1724 1769
1725 1726
1725 1770
1726 1727
1726 1771
1727 1728
1727 1772
1728 1729
1728 1773
1729 1730
1729 1774
1730 1731
1730 1775
1731 1732
1731 1776
1732 1733
1732 1777
1733 1734
1733 1778
1734 1735
1734 1779
1735 1736
1735 1780
1736 1737
1736 1781
1737 1738
1737 1782
1738 1739
1738 1783
1739 1740
1739 1784
1740 1741
1740 1785
1741 1742
1741 1786
1742 1743
1742 1787
1743 1744
1743 1788
1744 1745
1744 1789
1745 1746
1745 1790
1746 1747
1746 1791
1747 1748
1747 1792
1748 1749
1748 1793
1749 1750
1749 1794
1750 1751
1750 1795
1751 1752
1751 1796
1752 1753
1752 1797
1753 1754
1753 1798
1754 1799
1755 1756
1755 1800
1756 1757
1756 1801
1757 1758
1757 1802
1758 1759
1758 1803
1759 1760
1759 1804
1760 1761
1760 1805
1761 1762
1761 1806
1762 1763
1762 1807
1763 1764
1763 1808
1764 1765
1764 1809
1765 1766
1765 1810
1766 1767
1766 1811
1767 1768
1767 1812
1768 1769
1768 1813
1769 1770
1769 1814
1770 1771
1770 1815
1771 1772
1771 1816
1772 1773
1772 1817
1773 1774
1773 1818
1774 1775
1774 1819
1775 1776
1775 1820
1776 1777
1776 1821
1777 1778
1777 1822
1778 1779
1778 1823
1779 1780
1779 1824
1780 1781
1780 1825
1781 1782
1781 1826
1782 1783
1782 1827
1783 1784
1783 1828
1784 1785
1784 1829
1785 1786
1785 1830
1786 1787
1786 1831
1787 1788
1787 1832
1788 1789
1788 1833
1789 1790
1789 1834
1790 1791
1790 1835
1791 1792
1791 1836
1792 1793
1792 1837
1793 1794
1793 1838
1794 1795
1794 1839
1795 1796
1795 1840
1796 1797
1796 1841
1797 1798
1797 1842
1798 1799
1798 1843
1799 1844
1800 1801
1800 1845
1801 1802
1801 1846
1802 1803
1802 1847
1803 1804
1803 1848
1804 1805
1804 1849
1805 1806
1805 1850
1806 1807
1806 1851
1807 1808
1807 1852
1808 1809
1808 1853
1809 1810
1809 1854
1810 1811
1810 1855
1811 1812
1811 1856
1812 1813
1812 1857
1813 1814
1813 1858
1814 1815
1814 1859
1815 1816
1815 1860
1816 1817
1816 1861
1817 1818
1817 1862
1818 1819
1818 1863
1819 1820
1819 1864
1820 1821
1820 1865
1821 1822
1821 1866
1822 1823
1822 1867
1823 1824
1823 1868
1824 1825
1824 1869
1825 1826
1825 1870
1826 1827
1826 1871
1827 1828
1827 1872
1828 1829
1828 1873
1829 1830
1829 1874
1830 1831
1830 1875
1831 1832
1831 1876
1832 1833
1832 1877
1833 1834
1833 1878
1834 1835
1834 1879
1835 1836
1835 1880
1836 1837
1836 1881
1837 1838
1837 1882
1838 1839
1838 1883
1839 1840
1839 1884
1840 1841
1840 1885
1841 1842
1841 1886
1842 1843
1842 1887
1843 1844
1843 1888
1844 1889
1845 1846
1845 1890
1846 1847
1846 1891
1847 1848
1847 1892
1848 1849
1848 1893
1849 1850
1849 1894
1850 1851
1850 1895
1851 1852
1851 1896
1852 1853
1852 1897
1853 1854
1853 1898
1854 1855
1854 1899
1855 1856
1855 1900
1856 1857
1856 1901
1857 1858
1857 1902
1858 1859
1858 1903
1859 1860
1859 1904
1860 1861
1860 1905
1861 1862
1861 1906
1862 1863
1862 1907
1863 1864
1863 1908
1864 1865
1864 1909
1865 1866
1865 1910
1866 1867
1866 1911
1867 1868
1867 1912
1868 1869
1868 1913
1869 1870
1869 1914
1870 1871
1870 1915
1871 1872
1871 1916
1872 1873
1872 1917
1873 1874
1873 1918
1874 1875
1874 1919
1875 1876
1875 1920
1876 1877
1876 1921
1877 1878
1877 1922
1878 1879
1878 1923
1879 1880
1879 1924
1880 1881
1880 1925
1881 1882
1881 1926
1882 1883
1882 1927
1883 1884
1883 1928
1884 1885
1884 1929
1885 1886
1885 1930
1886 1887
1886 1931
1887 1888
1887 1932
1888 1889
1888 1933
1889 1934
1890 1891
1890 1935
1891 1892
1891 1936
1892 1893
1892 1937
1893 1894
1893 1938
1894 1895
1894 1939
1895 1896
1895 1940
1896 1897
1896 1941
1897 1898
1897 1942
1898 1899
1898 1943
1899 1900
1899 1944
1900 1901
1900 1945
1901 1902
1901 1946
1902 1903
1902 1947
1903 1904
1903 1948
1904 1905
1904 1949
1905 1906
1905 1950
1906 1907
1906 1951
1907 1908
1907 1952
1908 1909
1908 1953
1909 1910
1909 1954
1910 1911
1910 1955
1911 1912
1911 1956
1912 1913
1912 1957
1913 1914
1913 1958
1914 1915
1914 1959
1915 1916
1915 1960
1916 1917
1916 1961
1917 1918
1917 1962
1918 1919
1918 1963
1919 1920
1919 1964
1920 1921
1920 1965
1921 1922
1921 1966
1922 1923
1922 1967
1923 1924
1923 1968
1924 1925
1924 1969
1925 1926
1925 1970
1926 1927
1926 1971
1927 1928
1927 1972
1928 1929
1928 1973
1929 1930
1929 1974
1930 1931
1930 1975
1931 1932
1931 1976
1932 1933
1932 1977
1933 1934
1933 1978
1934 1979
1935 1936
1935 1980
1936 1937
1936 1981
1937 1938
1937 1982
1938 1939
1938 1983
1939 1940
1939 1984
1940 1941
1940 1985
1941 1942
1941 1986
1942 1943
1942 1987
1943 1944
1943 1988
1944 1945
1944 1989
1945 1946
1945 1990
1946 1947
1946 1991
1947 1948
1947 1992
1948 1949
1948 1993
1949 1950
1949 1994
1950 1951
1950 1995
1951 1952
1951 1996
1952 1953
1952 1997
1953 1954
1953 1998
1954 1955
1954 1999
1955 1956
1955 2000
1956 1957
1956 2001
1957 1958
1957 2002
1958 1959
1958 2003
1959 1960
1959 2004
1960 1961
1960 2005
1961 1962
1961 2006
1962 1963
1962 2007
1963 1964
1963 2008
1964 1965
1964 2009
1965 1966
1965 2010
1966 1967
1966 2011
1967 1968
1967 2012
1968 1969
1968 2013
1969 1970
1969 2014
1970 1971
1970 2015
1971 1972
1971 2016
1972 1973
1972 2017
1973 1974
1973 2018
1974 1975
1974 2019
1975 1976
1975 2020
1976 1977
1976 2021
1977 1978
1977 2022
1978 1979
1978 2023
1979 2024
1980 1981
1981 1982
1982 1983
1983 1984
1984 1985
1985 1986
1986 1987
1987 1988
1988 1989
1989 1990
1990 1991
1991 1992
1992 1993
1993 1994
1994 1995
1995 1996
1996 1997
1997 1998
1998 1999
1999 2000
2000 2001
2001 2002
2002 2003
2003 2004
2004 2005
2005 2006
2006 2007
2007 2008
2008 2009
2009 2010
2010 2011
2011 2012
2012 2013
2013 2014
2014 2015
2015 2016
2016 2017
2017 2018
2018 2019
2019 2020
2020 2021
2021 2022
2022 2023
2023 2024
