27 83
4 48
32 93
68 77
73 97
70 96
12 17
42 87
61 79
16 44
40 57
25 100
29 82
48 56
12 87
10 98
15 59
36 41
38 92
74 89
30 69
4 21
82 83
15 86
34 97
87 96
12 19
74 90
25 98
41 48
65 75
2 85
36 80
51 88
23 91
33 64
18 97
40 86
40 58
4 64
17 40
41 59
70 72
50 93
59 99
33 72
29 55
56 70
6 61
57 83
41 54
37 56
49 88
22 50
6 87
11 14
56 96
11 19
29 39
44 78
22 76
68 87
13 40
28 64
4 85
30 71
15 22
12 14
36 81
1 4
56 67
79 93
19 42
18 94
89 92
37 62
27 97
39 47
6 15
8 43
11 86
27 80
24 88
36 86
2 25
60 96
11 44
1 65
12 47
5 75
57 79
23 55
28 54
29 54
16 57
8 40
5 32
11 85
1 29
16 83
23 45
31 32
4 75
50 77
61 89
3 58
51 97
16 18
1 24
41 91
83 92
88 92
16 99
53 93
80 87
75 90
4 25
3 19
53 71
66 81
40 97
24 69
40 63
13 27
54 70
