1 9
1 1710
2 10
2 13
2 1975
3 13
3 1975
4 10
4 13
4 581
4 765
4 1278
5 7
5 34
5 280
5 346
5 456
5 1120
6 10
7 8
7 11
7 13
7 17
7 22
7 26
7 30
7 34
7 35
7 41
7 43
7 47
7 48
7 49
7 53
7 59
7 64
7 65
7 68
7 74
7 207
7 213
7 230
7 252
7 256
7 260
7 267
7 269
7 272
7 281
7 302
7 315
7 351
7 394
7 395
7 406
7 411
7 415
7 433
7 457
7 461
7 478
7 482
7 486
7 499
7 508
7 518
7 537
7 556
7 567
7 581
7 586
7 597
7 637
7 640
7 645
7 652
7 671
7 680
7 688
7 714
7 724
7 727
7 728
7 765
7 768
7 781
7 784
7 796
7 800
7 801
7 836
7 915
7 916
7 932
7 942
7 963
7 972
7 997
7 1006
7 1059
7 1077
7 1086
7 1120
7 1125
7 1178
7 1191
7 1192
7 1196
7 1206
7 1214
7 1231
7 1249
7 1278
7 1281
7 1282
7 1287
7 1300
7 1301
7 1326
7 1355
7 1360
7 1390
7 1413
7 1444
7 1458
7 1470
7 1483
7 1485
7 1496
7 1524
7 1538
7 1581
7 1591
7 1608
7 1611
7 1662
7 1708
7 1710
7 1714
7 1729
7 1736
7 1745
7 1746
7 1751
7 1757
7 1780
7 1828
7 1829
7 1847
7 1861
7 1870
7 1885
7 1897
7 1948
7 1970
7 1975
7 2042
7 2067
7 2069
7 2099
7 2102
7 2120
7 2134
7 2141
7 2143
7 2157
7 2198
7 2208
7 2221
7 2230
7 2244
7 2254
7 2316
7 2327
7 2333
7 2335
7 2377
7 2384
7 2385
7 2399
7 2430
7 2437
8 534
8 639
8 1062
8 1149
8 1411
8 1999
8 2031
8 2203
8 2296
8 2350
9 765
9 1970
10 20
10 581
10 1791
10 1975
11 13
11 49
11 102
11 144
11 238
11 267
11 313
11 315
11 318
11 355
11 402
11 421
11 436
11 448
11 461
11 469
11 511
11 518
11 581
11 586
11 662
11 671
11 701
11 714
11 767
11 770
11 778
11 806
11 817
11 842
11 879
11 880
11 965
11 985
11 988
11 1006
11 1007
11 1068
11 1102
11 1120
11 1162
11 1169
11 1206
11 1229
11 1359
11 1381
11 1406
11 1430
11 1515
11 1558
11 1587
11 1594
11 1608
11 1658
11 1666
11 1667
11 1684
11 1685
11 1704
11 1708
11 1710
11 1729
11 1769
11 1791
11 1832
11 1842
11 1854
11 1870
11 1879
11 1909
11 1923
11 1940
11 1993
11 2005
11 2036
11 2039
11 2041
11 2075
11 2078
11 2089
11 2104
11 2114
11 2119
11 2136
11 2193
11 2206
11 2219
11 2257
11 2309
11 2325
11 2333
11 2401
11 2436
11 2462
12 581
13 17
13 37
13 49
13 50
13 74
13 79
13 100
13 103
13 144
13 207
13 211
13 230
13 238
13 248
13 260
13 267
13 300
13 313
13 315
13 330
13 394
13 421
13 422
13 436
13 448
13 461
13 511
13 527
13 535
13 568
13 573
13 581
13 590
13 596
13 662
13 671
13 701
13 704
13 778
13 801
13 806
13 836
13 880
13 897
13 960
13 997
13 1006
13 1007
13 1048
13 1068
13 1084
13 1086
13 1102
13 1107
13 1119
13 1153
13 1199
13 1206
13 1257
13 1278
13 1285
13 1299
13 1314
13 1355
13 1359
13 1368
13 1426
13 1430
13 1444
13 1511
13 1558
13 1569
13 1575
13 1581
13 1587
13 1634
13 1642
13 1651
13 1662
13 1665
13 1667
13 1680
13 1684
13 1685
13 1694
13 1704
13 1769
13 1777
13 1806
13 1842
13 1863
13 1889
13 1909
13 1923
13 1940
13 1951
13 1975
13 1977
13 1981
13 1993
13 2000
13 2001
13 2005
13 2039
13 2054
13 2069
13 2075
13 2089
13 2092
13 2104
13 2114
13 2136
13 2166
13 2193
13 2206
13 2219
13 2244
13 2252
13 2294
13 2309
13 2315
13 2333
13 2401
13 2462
14 16
14 22
14 24
14 34
14 35
14 197
14 256
14 302
14 499
14 581
14 586
14 602
14 616
14 714
14 727
14 765
14 963
14 1171
14 1282
14 1345
14 1581
14 1608
14 1611
14 1708
14 1710
14 1729
14 1736
14 1791
14 1975
14 2067
14 2157
14 2230
14 2437
15 302
15 1708
16 22
16 24
16 34
16 35
16 197
16 256
16 302
16 499
16 581
16 586
16 602
16 616
16 690
16 714
16 727
16 765
16 963
16 1282
16 1581
16 1608
16 1611
16 1708
16 1710
16 1729
16 1736
16 1791
16 1975
16 2067
16 2157
16 2230
16 2437
17 50
17 74
17 103
17 144
17 230
17 238
17 260
17 267
17 291
17 315
17 318
17 350
17 421
17 427
17 448
17 461
17 511
17 515
17 518
17 535
17 543
17 581
17 586
17 596
17 671
17 825
17 880
17 897
17 930
17 1006
17 1007
17 1046
17 1068
17 1086
17 1169
17 1174
17 1205
17 1220
17 1257
17 1273
17 1275
17 1278
17 1359
17 1391
17 1406
17 1440
17 1498
17 1530
17 1565
17 1589
17 1667
17 1684
17 1700
17 1704
17 1718
17 1733
17 1769
17 1777
17 1806
17 1830
17 1832
17 1859
17 1878
17 1902
17 1909
17 1923
17 1940
17 1944
17 1946
17 1975
17 2068
17 2069
17 2092
17 2104
17 2114
17 2143
17 2148
17 2171
17 2206
17 2221
17 2264
17 2266
17 2308
17 2315
17 2333
17 2355
17 2446
17 2449
17 2462
18 37
18 39
18 51
18 60
18 1310
18 1975
18 2359
19 34
19 197
19 581
19 694
20 499
20 1479
20 1729
20 1975
20 2039
21 357
21 406
21 1085
21 1087
21 1328
21 1484
21 1612
21 2473
22 24
22 26
22 28
22 31
22 34
22 35
22 45
22 48
22 53
22 59
22 68
22 74
22 79
22 81
22 87
22 197
22 224
22 234
22 246
22 252
22 260
22 267
22 269
22 295
22 315
22 345
22 348
22 397
22 411
22 415
22 418
22 433
22 446
22 461
22 478
22 482
22 508
22 518
22 581
22 602
22 606
22 616
22 622
22 641
22 680
22 690
22 714
22 742
22 761
22 768
22 773
22 801
22 816
22 836
22 858
22 905
22 910
22 915
22 916
22 933
22 958
22 959
22 963
22 971
22 985
22 1006
22 1016
22 1036
22 1054
22 1060
22 1069
22 1106
22 1123
22 1160
22 1171
22 1206
22 1220
22 1262
22 1263
22 1282
22 1302
22 1318
22 1326
22 1328
22 1345
22 1355
22 1379
22 1449
22 1458
22 1462
22 1475
22 1483
22 1492
22 1513
22 1579
22 1581
22 1589
22 1598
22 1601
22 1639
22 1658
22 1662
22 1729
22 1736
22 1751
22 1754
22 1764
22 1828
22 1861
22 1879
22 1885
22 1894
22 1915
22 1948
22 1960
22 1963
22 1970
22 1975
22 1995
22 2023
22 2041
22 2065
22 2069
22 2072
22 2134
22 2135
22 2141
22 2157
22 2177
22 2208
22 2221
22 2229
22 2230
22 2243
22 2244
22 2280
22 2301
22 2324
22 2333
22 2340
22 2344
22 2371
22 2399
22 2417
22 2467
23 444
23 499
23 725
23 779
23 1479
23 2067
23 2366
23 2391
23 2474
24 34
24 35
24 197
24 256
24 302
24 499
24 581
24 586
24 602
24 616
24 690
24 714
24 727
24 765
24 963
24 1282
24 1581
24 1608
24 1611
24 1708
24 1710
24 1729
24 1736
24 1791
24 1975
24 2067
24 2157
24 2230
24 2437
25 1608
26 34
26 35
26 48
26 59
26 83
26 302
26 581
26 714
26 765
26 1120
26 1736
26 2157
26 2230
27 34
27 499
27 581
27 714
27 1970
27 2377
29 62
29 82
32 1581
32 1708
33 256
33 1608
34 36
34 45
34 46
34 48
34 53
34 54
34 68
34 74
34 197
34 225
34 226
34 227
34 252
34 255
34 256
34 258
34 260
34 267
34 295
34 302
34 315
34 345
34 348
34 355
34 397
34 411
34 418
34 419
34 425
34 446
34 461
34 478
34 479
34 498
34 499
34 518
34 545
34 554
34 570
34 581
34 586
34 594
34 602
34 606
34 616
34 643
34 652
34 671
34 690
34 714
34 727
34 742
34 758
34 760
34 761
34 765
34 801
34 852
34 857
34 872
34 879
34 905
34 910
34 916
34 959
34 971
34 975
34 985
34 990
34 995
34 1006
34 1016
34 1028
34 1035
34 1038
34 1054
34 1060
34 1086
34 1090
34 1103
34 1106
34 1125
34 1171
34 1172
34 1195
34 1206
34 1220
34 1251
34 1262
34 1292
34 1308
34 1318
34 1324
34 1326
34 1345
34 1355
34 1357
34 1379
34 1416
34 1466
34 1470
34 1475
34 1483
34 1508
34 1533
34 1554
34 1571
34 1579
34 1581
34 1589
34 1608
34 1611
34 1627
34 1639
34 1658
34 1662
34 1672
34 1729
34 1740
34 1751
34 1754
34 1776
34 1791
34 1804
34 1811
34 1818
34 1856
34 1861
34 1879
34 1915
34 1916
34 1945
34 1975
34 1995
34 2023
34 2041
34 2048
34 2067
34 2069
34 2072
34 2134
34 2135
34 2143
34 2162
34 2177
34 2189
34 2221
34 2244
34 2246
34 2280
34 2301
34 2311
34 2317
34 2333
34 2340
34 2344
34 2389
34 2417
34 2430
34 2437
34 2471
35 48
35 54
35 59
35 68
35 74
35 82
35 207
35 246
35 252
35 260
35 267
35 271
35 273
35 315
35 385
35 387
35 394
35 425
35 461
35 478
35 480
35 518
35 590
35 602
35 616
35 622
35 664
35 688
35 689
35 690
35 734
35 749
35 780
35 783
35 784
35 815
35 835
35 836
35 883
35 916
35 929
35 933
35 970
35 984
35 985
35 997
35 1006
35 1036
35 1037
35 1080
35 1105
35 1125
35 1141
35 1147
35 1160
35 1163
35 1171
35 1206
35 1281
35 1326
35 1334
35 1345
35 1366
35 1386
35 1572
35 1645
35 1658
35 1662
35 1673
35 1714
35 1722
35 1729
35 1732
35 1751
35 1764
35 1777
35 1781
35 1849
35 1850
35 1861
35 1894
35 1970
35 1983
35 2010
35 2024
35 2041
35 2059
35 2121
35 2143
35 2181
35 2184
35 2191
35 2224
35 2251
35 2280
35 2285
35 2333
35 2385
35 2455
35 2469
36 197
36 581
37 51
37 60
37 2451
38 256
38 1608
7 40
27 40
40 45
40 68
40 209
40 252
40 260
40 267
40 271
40 279
40 295
40 315
40 320
40 336
40 397
40 403
40 404
40 405
40 418
40 425
40 438
40 446
40 461
40 471
40 478
40 508
40 522
40 553
40 568
40 590
40 652
40 664
40 688
40 742
40 780
40 781
40 865
40 904
40 905
40 910
40 931
40 970
40 985
40 996
40 1004
40 1006
40 1015
40 1016
40 1053
40 1060
40 1079
40 1080
40 1138
40 1141
40 1156
40 1206
40 1207
40 1220
40 1262
40 1282
40 1292
40 1299
40 1314
40 1318
40 1326
40 1361
40 1379
40 1417
40 1438
40 1443
40 1511
40 1569
40 1575
40 1580
40 1587
40 1589
40 1590
40 1639
40 1662
40 1663
40 1710
40 1722
40 1729
40 1736
40 1751
40 1754
40 1771
40 1777
40 1828
40 1850
40 1861
40 1879
40 1927
40 1930
40 1948
40 1951
40 1966
40 1975
40 1976
40 2004
40 2010
40 2024
40 2027
40 2069
40 2072
40 2112
40 2135
40 2157
40 2177
40 2221
40 2223
40 2229
40 2230
40 2301
40 2333
40 2340
40 2344
40 2345
40 2361
40 2404
40 2453
40 2465
40 2469
41 53
41 207
41 315
41 394
41 461
41 492
41 806
41 916
41 997
41 1079
41 1229
41 1326
41 1581
41 2127
41 2149
41 2256
41 2345
42 1214
42 2333
43 499
44 47
44 50
44 63
44 70
44 100
44 1975
45 53
45 499
45 714
45 765
45 963
45 972
45 1192
45 1470
45 1581
45 1611
45 1791
45 1970
45 2042
45 2067
45 2377
47 63
47 70
47 581
47 1120
47 1710
47 1729
47 1975
48 302
48 581
48 714
48 765
48 1120
48 1736
48 2157
48 2230
49 50
49 103
49 144
49 230
49 238
49 260
49 267
49 299
49 315
49 318
49 399
49 402
49 421
49 448
49 461
49 481
49 511
49 573
49 671
49 697
49 801
49 880
49 1006
49 1102
49 1169
49 1355
49 1359
49 1483
49 1498
49 1549
49 1667
49 1704
49 1769
49 1789
49 1832
49 1923
49 1940
49 1975
49 2075
49 2092
49 2104
49 2136
49 2143
49 2166
49 2206
49 2221
49 2244
49 2258
49 2264
49 2308
49 2309
49 2333
49 2446
50 100
50 581
50 1278
50 1581
50 1975
51 60
51 1656
51 1975
51 2359
52 93
52 1669
52 1710
53 302
53 406
53 422
53 581
53 586
53 616
53 714
53 765
53 972
53 1092
53 1367
53 1581
53 1611
53 1708
53 1710
53 1791
53 1916
53 1970
53 1975
53 2067
53 2157
53 2333
54 82
55 581
56 146
57 1044
57 1768
57 1990
58 499
59 714
59 765
59 1120
59 1736
59 2230
60 1656
60 2359
61 146
62 82
63 70
65 1120
66 74
67 1990
68 302
68 714
68 765
68 1120
68 1282
68 1470
68 1729
68 1736
68 1970
68 2141
68 2230
69 80
70 2333
71 183
52 72
72 93
73 146
74 96
74 302
74 499
74 581
74 586
74 714
74 727
74 765
74 972
74 1120
74 1192
74 1278
74 1326
74 1581
74 1608
74 1611
74 1708
74 1710
74 1791
74 1970
74 1975
74 2042
74 2067
74 2437
75 212
75 1192
76 146
77 146
78 146
79 581
79 2157
80 727
80 1611
80 2008
84 146
85 146
86 146
88 146
89 146
90 256
90 581
90 727
90 1608
90 1633
90 2437
91 146
92 146
94 146
95 146
97 499
98 174
98 183
99 146
100 1278
100 1581
100 1975
101 146
103 581
103 586
103 1278
103 1791
103 1975
104 146
105 146
106 146
107 146
108 146
109 146
110 146
111 146
112 302
112 1874
113 146
114 146
115 146
116 146
117 256
117 1608
117 1611
118 189
118 196
118 1071
119 146
120 146
121 146
122 146
123 146
124 146
125 146
126 146
127 146
128 146
129 146
130 146
131 146
132 146
133 146
134 146
135 146
136 146
137 146
138 146
139 146
140 197
140 499
140 581
141 146
142 146
143 146
144 581
144 586
144 1278
144 1791
144 1847
144 1975
144 2078
145 146
146 147
146 148
146 149
146 150
146 151
146 152
146 153
146 154
146 155
146 156
146 157
146 158
146 159
146 160
146 161
146 162
146 163
146 164
146 165
146 166
146 167
146 168
146 169
146 170
146 171
146 172
146 173
146 175
146 176
146 177
146 178
146 179
146 180
146 181
146 182
146 183
146 185
146 186
146 187
155 183
155 185
155 1192
155 1729
155 1970
174 183
177 183
177 185
177 1192
177 1729
177 1970
183 185
183 1192
183 1729
183 1970
184 1579
185 1192
185 1729
185 1970
188 1608
188 2437
189 196
189 1071
190 256
190 2437
191 256
191 2437
192 256
192 1608
192 2437
193 544
193 1788
194 1470
195 256
195 919
195 2437
196 1071
197 224
197 255
197 256
197 302
197 334
197 364
197 376
197 427
197 498
197 499
197 519
197 558
197 581
197 586
197 602
197 616
197 630
197 643
197 660
197 690
197 692
197 727
197 863
197 907
197 935
197 969
197 975
197 977
197 1004
197 1011
197 1171
197 1176
197 1296
197 1312
197 1326
197 1339
197 1345
197 1365
197 1394
197 1466
197 1495
197 1554
197 1632
197 1633
197 1637
197 1672
197 1703
197 1716
197 1740
197 1782
197 1823
197 1830
197 1834
197 1859
197 1878
197 1970
197 2039
197 2126
197 2134
197 2141
197 2143
197 2172
197 2231
197 2255
197 2266
197 2280
197 2288
197 2318
197 2351
197 2356
197 2369
197 2389
197 2406
197 2422
198 714
198 1710
199 1791
199 1975
200 1745
201 727
201 1828
201 2221
202 543
202 2355
203 2472
204 714
204 2377
204 2437
205 581
205 1409
206 1097
207 586
207 1120
207 1581
207 2157
208 544
208 1729
208 1788
208 2141
209 256
209 1608
210 256
210 1608
211 581
211 1205
211 1278
214 256
214 2437
215 256
215 1608
216 499
216 579
216 972
216 1298
216 1581
216 1618
216 1710
216 1729
216 2067
217 256
217 1608
217 2437
218 1057
218 1282
219 256
219 2437
220 256
220 1608
221 803
221 1975
222 363
222 566
222 579
222 642
222 1049
222 1168
222 1303
222 1510
222 1735
222 1755
222 1882
222 1890
222 1921
222 1928
222 1971
222 2187
223 256
223 649
223 1608
224 302
224 714
224 765
224 1729
225 256
225 727
226 727
226 995
226 1192
226 1729
226 2437
226 2471
227 383
227 727
227 758
227 1192
227 1627
227 1729
227 1837
227 2392
227 2437
227 2471
228 1608
228 2437
229 499
229 972
230 581
230 586
230 1120
230 1214
230 1278
230 1608
230 1710
230 1791
230 1975
231 246
231 406
231 1328
231 1581
232 1282
232 2230
232 2437
233 256
233 919
233 1608
233 2437
234 256
234 499
234 963
234 972
234 1192
234 1608
234 1948
234 2377
235 256
235 2437
236 406
236 2157
237 256
237 1608
238 581
238 586
238 765
238 1278
238 1791
238 1847
238 1975
238 2078
239 562
239 2038
240 256
240 1608
241 256
241 1608
242 256
242 1608
242 2437
243 1608
243 2437
7 244
13 244
244 581
244 586
245 1608
245 2437
246 302
246 406
246 727
246 1085
246 1214
246 1328
246 1484
246 1581
246 1736
246 1828
246 1835
247 256
247 1608
248 581
248 1205
248 1278
249 406
249 1581
250 256
250 1608
250 2437
251 1581
252 267
252 302
252 765
252 1120
252 1729
252 1736
252 2141
252 2230
253 256
253 2437
254 2437
255 499
255 714
255 727
256 260
256 262
256 263
256 267
256 268
256 273
256 277
256 279
256 286
256 287
256 290
256 294
256 297
256 298
256 303
256 305
256 309
256 315
256 319
256 323
256 328
256 329
256 333
256 336
256 342
256 347
256 354
256 358
256 361
256 368
256 371
256 374
256 377
256 378
256 380
256 381
256 384
256 387
256 390
256 394
256 400
256 401
256 405
256 406
256 408
256 411
256 413
256 414
256 420
256 424
256 426
256 440
256 441
256 442
256 445
256 447
256 449
256 451
256 452
256 453
256 461
256 463
256 468
256 470
256 473
256 485
256 488
256 491
256 493
256 504
256 505
256 507
256 512
256 518
256 519
256 520
256 524
256 529
256 530
256 539
256 541
256 542
256 546
256 547
256 549
256 552
256 553
256 555
256 557
256 560
256 563
256 565
256 568
256 570
256 572
256 581
256 583
256 586
256 589
256 591
256 599
256 601
256 602
256 603
256 608
256 609
256 613
256 614
256 615
256 616
256 619
256 623
256 626
256 635
256 643
256 646
256 648
256 652
256 653
256 658
256 667
256 672
256 673
256 674
256 676
256 677
256 679
256 687
256 690
256 691
256 693
256 695
256 696
256 698
256 709
256 711
256 721
256 722
256 723
256 726
256 727
256 734
256 735
256 737
256 741
256 743
256 744
256 745
256 746
256 748
256 749
256 752
256 753
256 757
256 766
256 771
256 772
256 783
256 785
256 790
256 799
256 805
256 807
256 811
256 818
256 820
256 821
256 832
256 833
256 835
256 838
256 839
256 841
256 848
256 853
256 856
256 861
256 862
256 865
256 867
256 869
256 871
256 874
256 875
256 876
256 881
256 882
256 885
256 886
256 888
256 892
256 898
256 899
256 901
256 902
256 909
256 911
256 912
256 916
256 918
256 919
256 920
256 924
256 925
256 931
256 934
256 937
256 938
256 943
256 947
256 955
256 958
256 961
256 963
256 966
256 970
256 974
256 976
256 978
256 979
256 981
256 985
256 986
256 991
256 993
256 996
256 997
256 998
256 1002
256 1003
256 1005
256 1006
256 1017
256 1018
256 1022
256 1024
256 1030
256 1031
256 1037
256 1039
256 1041
256 1042
256 1045
256 1050
256 1052
256 1053
256 1056
256 1058
256 1066
256 1067
256 1070
256 1072
256 1073
256 1075
256 1078
256 1083
256 1088
256 1094
256 1100
256 1101
256 1105
256 1106
256 1108
256 1109
256 1112
256 1113
256 1118
256 1122
256 1124
256 1126
256 1128
256 1130
256 1134
256 1136
256 1138
256 1140
256 1141
256 1146
256 1151
256 1152
256 1154
256 1155
256 1156
256 1158
256 1160
256 1167
256 1170
256 1171
256 1182
256 1184
256 1187
256 1188
256 1190
256 1194
256 1197
256 1201
256 1208
256 1210
256 1213
256 1215
256 1219
256 1223
256 1225
256 1226
256 1230
256 1235
256 1239
256 1240
256 1244
256 1245
256 1248
256 1252
256 1253
256 1260
256 1263
256 1265
256 1266
256 1268
256 1271
256 1274
256 1280
256 1282
256 1284
256 1286
256 1289
256 1293
256 1299
256 1314
256 1316
256 1317
256 1321
256 1326
256 1327
256 1331
256 1333
256 1337
256 1342
256 1344
256 1345
256 1346
256 1350
256 1366
256 1376
256 1380
256 1383
256 1386
256 1388
256 1395
256 1399
256 1402
256 1403
256 1410
256 1417
256 1421
256 1423
256 1424
256 1427
256 1428
256 1431
256 1433
256 1439
256 1443
256 1445
256 1446
256 1451
256 1454
256 1456
256 1457
256 1461
256 1464
256 1465
256 1469
256 1474
256 1476
256 1477
256 1478
256 1481
256 1488
256 1489
256 1490
256 1492
256 1494
256 1500
256 1502
256 1505
256 1506
256 1511
256 1516
256 1517
256 1519
256 1520
256 1523
256 1525
256 1528
256 1529
256 1540
256 1546
256 1555
256 1560
256 1561
256 1566
256 1569
256 1570
256 1572
256 1575
256 1577
256 1578
256 1580
256 1581
256 1584
256 1586
256 1590
256 1604
256 1605
256 1606
256 1607
256 1608
256 1609
256 1610
256 1614
256 1615
256 1619
256 1620
256 1621
256 1622
256 1624
256 1625
256 1626
256 1628
256 1630
256 1635
256 1644
256 1648
256 1649
256 1650
256 1653
256 1657
256 1658
256 1663
256 1668
256 1676
256 1687
256 1688
256 1689
256 1690
256 1693
256 1697
256 1699
256 1701
256 1702
256 1705
256 1707
256 1714
256 1715
256 1719
256 1720
256 1725
256 1727
256 1728
256 1736
256 1738
256 1739
256 1740
256 1742
256 1744
256 1749
256 1751
256 1765
256 1766
256 1770
256 1771
256 1773
256 1774
256 1778
256 1779
256 1781
256 1783
256 1786
256 1792
256 1796
256 1799
256 1801
256 1802
256 1809
256 1810
256 1812
256 1813
256 1820
256 1821
256 1824
256 1826
256 1828
256 1831
256 1836
256 1838
256 1843
256 1848
256 1851
256 1857
256 1864
256 1867
256 1868
256 1869
256 1871
256 1872
256 1879
256 1880
256 1891
256 1893
256 1894
256 1895
256 1896
256 1900
256 1904
256 1905
256 1910
256 1912
256 1918
256 1924
256 1926
256 1934
256 1935
256 1936
256 1937
256 1938
256 1939
256 1947
256 1948
256 1951
256 1952
256 1953
256 1957
256 1959
256 1961
256 1964
256 1973
256 1974
256 1975
256 1978
256 1982
256 1983
256 1984
256 1985
256 1986
256 1997
256 1998
256 2002
256 2007
256 2009
256 2011
256 2014
256 2015
256 2021
256 2024
256 2025
256 2026
256 2028
256 2033
256 2035
256 2040
256 2041
256 2043
256 2047
256 2049
256 2053
256 2055
256 2057
256 2058
256 2059
256 2061
256 2064
256 2066
256 2072
256 2074
256 2077
256 2083
256 2087
256 2088
256 2094
256 2096
256 2099
256 2100
256 2105
256 2106
256 2109
256 2116
256 2118
256 2122
256 2123
256 2125
256 2126
256 2128
256 2129
256 2130
256 2132
256 2133
256 2140
256 2142
256 2143
256 2145
256 2146
256 2147
256 2150
256 2152
256 2155
256 2157
256 2158
256 2161
256 2164
256 2167
256 2168
256 2169
256 2174
256 2178
256 2182
256 2183
256 2185
256 2188
256 2190
256 2199
256 2205
256 2213
256 2218
256 2223
256 2224
256 2230
256 2238
256 2242
256 2243
256 2250
256 2260
256 2262
256 2263
256 2267
256 2270
256 2274
256 2276
256 2278
256 2280
256 2281
256 2283
256 2287
256 2289
256 2290
256 2295
256 2297
256 2302
256 2304
256 2305
256 2306
256 2320
256 2321
256 2326
256 2328
256 2333
256 2334
256 2337
256 2346
256 2347
256 2349
256 2353
256 2354
256 2361
256 2362
256 2364
256 2365
256 2367
256 2374
256 2394
256 2396
256 2397
256 2404
256 2407
256 2408
256 2409
256 2411
256 2412
256 2413
256 2419
256 2423
256 2424
256 2426
256 2428
256 2429
256 2431
256 2435
256 2442
256 2443
256 2444
256 2445
256 2447
256 2450
256 2454
256 2461
256 2463
256 2465
256 2476
257 1608
257 2437
258 302
258 499
258 1172
258 1192
258 1708
258 1710
258 2439
259 1581
260 302
260 406
260 499
260 581
260 586
260 714
260 765
260 963
260 972
260 1120
260 1192
260 1200
260 1214
260 1278
260 1282
260 1459
260 1470
260 1581
260 1608
260 1611
260 1708
260 1710
260 1729
260 1736
260 1791
260 1828
260 1847
260 1948
260 1970
260 2042
260 2067
260 2078
260 2157
260 2221
260 2230
260 2377
260 2437
261 577
261 803
261 1186
261 1214
261 1378
261 1948
261 2333
262 1608
263 1710
263 1729
264 600
264 781
264 1029
264 2042
265 581
265 586
265 1278
266 1791
267 302
267 315
267 406
267 499
267 581
267 586
267 628
267 714
267 727
267 765
267 963
267 972
267 1120
267 1192
267 1214
267 1278
267 1282
267 1581
267 1608
267 1611
267 1708
267 1710
267 1729
267 1736
267 1791
267 1828
267 1847
267 1861
267 1894
267 1970
267 2042
267 2067
267 2078
267 2157
267 2221
267 2230
267 2333
267 2382
268 1608
269 278
269 1256
269 1369
269 2221
270 1608
270 2437
271 302
271 714
271 765
271 1214
271 1948
271 2157
273 2437
274 1232
274 1415
274 1618
274 1956
274 2282
274 2441
275 1214
275 1278
275 1581
276 460
276 963
276 1288
276 1848
276 1916
276 2237
277 1608
277 1828
278 1256
278 1369
279 2437
280 346
282 586
282 1791
17 283
284 1608
284 2437
285 919
285 1608
285 2437
286 1608
287 919
287 2437
288 406
288 1581
289 293
289 1277
289 1283
289 2079
289 2157
289 2272
290 1282
290 2437
291 427
291 765
291 1440
291 1791
291 1878
291 2266
291 2437
292 1608
292 2437
293 2079
294 1608
294 2437
295 412
295 636
295 794
295 2236
295 2307
295 2467
296 406
296 787
296 1608
296 1841
296 1970
297 2437
298 641
298 1608
298 2221
298 2437
301 1608
301 2437
302 315
302 369
302 385
302 397
302 406
302 418
302 446
302 461
302 478
302 490
302 523
302 570
302 590
302 594
302 602
302 616
302 688
302 690
302 714
302 749
302 765
302 825
302 876
302 894
302 905
302 916
302 985
302 1006
302 1008
302 1016
302 1046
302 1060
302 1080
302 1086
302 1171
302 1172
302 1206
302 1256
302 1278
302 1297
302 1318
302 1324
302 1326
302 1328
302 1334
302 1345
302 1369
302 1379
302 1639
302 1658
302 1662
302 1708
302 1714
302 1722
302 1729
302 1751
302 1777
302 1781
302 1850
302 1861
302 1988
302 2005
302 2010
302 2069
302 2091
302 2135
302 2143
302 2177
302 2185
302 2280
302 2333
302 2340
302 2344
302 2385
302 2415
302 2455
303 1608
303 2437
304 1192
304 1397
304 1581
304 2163
305 1608
305 2437
306 499
306 714
306 972
306 1192
306 1791
306 2067
307 586
308 581
308 586
308 776
308 1791
308 1975
309 1608
11 310
13 310
17 310
49 310
310 581
310 586
310 1278
310 1791
310 1847
310 1975
310 2078
311 1791
312 1608
312 2437
313 581
313 586
313 1173
313 1278
313 1791
313 1975
314 499
314 972
314 1791
315 406
315 499
315 581
315 586
315 714
315 727
315 765
315 796
315 963
315 972
315 1120
315 1192
315 1214
315 1278
315 1282
315 1470
315 1581
315 1608
315 1611
315 1708
315 1710
315 1729
315 1736
315 1791
315 1828
315 1847
315 1948
315 1970
315 1975
315 2042
315 2067
315 2078
315 2141
315 2157
315 2221
315 2230
315 2333
315 2377
315 2437
316 393
316 963
316 1611
317 1581
317 1710
318 581
318 586
318 1278
318 1791
318 1847
318 2078
319 1608
319 2437
320 963
320 1470
320 1611
320 1708
320 1729
320 1970
320 2042
320 2067
321 1608
321 1708
322 1791
322 2377
323 1608
323 2437
324 1710
325 1608
325 2437
326 727
326 1608
326 2437
327 366
327 394
327 997
327 1131
327 1638
328 1608
329 1608
331 2038
332 1503
332 1791
332 1975
333 1608
333 2437
334 714
334 1791
334 2298
335 714
335 1214
335 1710
335 1948
336 1608
337 1020
337 1258
337 1272
337 1313
338 1608
338 2437
339 843
339 1608
340 1107
340 1791
341 644
341 1729
342 1608
342 2437
343 1608
343 2437
344 499
344 972
344 1192
345 1470
347 1608
347 2437
349 1608
349 2437
352 499
352 972
353 406
353 421
353 586
353 727
353 765
353 1736
353 1791
353 2067
353 2437
353 2459
354 2437
355 406
355 770
355 1028
355 1278
355 1581
355 1791
355 2078
355 2157
356 586
357 406
357 1085
357 1087
357 1484
357 1612
357 2473
358 1608
358 2437
359 1214
359 1581
359 2157
360 1791
361 1608
362 499
362 1729
363 566
363 579
363 642
363 1049
363 1168
363 1303
363 1510
363 1735
363 1755
363 1882
363 1890
363 1921
363 1928
363 1971
363 2187
364 727
364 1611
365 1758
366 997
366 1131
366 1638
367 581
367 1214
367 1948
368 1608
370 1708
371 1608
371 2437
372 1120
373 2437
374 1608
374 2437
375 499
375 972
376 499
376 581
377 1608
377 2437
378 1608
379 1463
379 1793
379 1848
379 2259
380 1608
380 2437
381 1608
381 2437
382 1581
383 758
383 1837
383 2392
383 2471
384 1608
384 2437
385 765
385 887
385 1011
386 586
386 1117
386 1975
386 2039
387 1608
388 586
389 1214
389 1710
389 1948
390 1608
390 2437
391 483
391 793
391 1175
391 1372
391 1442
391 1581
391 1596
391 1734
391 2196
392 438
393 963
393 1611
394 406
394 765
394 997
394 1120
394 1131
394 1214
394 1278
394 1581
394 1608
394 1791
394 1948
394 2157
395 671
395 1278
395 1791
396 1326
397 765
398 1608
398 2157
399 2078
400 765
400 1608
401 1608
17 402
402 581
402 586
402 776
402 1791
402 1975
403 1708
403 2157
404 1195
404 1729
404 1975
406 421
406 455
406 461
406 464
406 496
406 501
406 538
406 561
406 574
406 587
406 625
406 629
406 714
406 717
406 727
406 755
406 764
406 787
406 806
406 813
406 847
406 868
406 879
406 916
406 940
406 983
406 985
406 997
406 999
406 1006
406 1079
406 1085
406 1087
406 1144
406 1179
406 1192
406 1203
406 1214
406 1229
406 1241
406 1323
406 1326
406 1328
406 1332
406 1373
406 1382
406 1398
406 1407
406 1414
406 1470
406 1484
406 1521
406 1564
406 1581
406 1585
406 1587
406 1608
406 1612
406 1652
406 1661
406 1667
406 1670
406 1677
406 1710
406 1750
406 1753
406 1794
406 1808
406 1835
406 1841
406 1879
406 1901
406 1908
406 1913
406 1948
406 1975
406 1989
406 2016
406 2067
406 2073
406 2086
406 2127
406 2131
406 2149
406 2154
406 2157
406 2159
406 2197
406 2207
406 2210
406 2247
406 2333
406 2345
406 2385
406 2427
406 2436
406 2473
407 584
407 1214
407 1282
407 1736
407 1828
407 1948
407 2157
407 2230
408 1608
409 1608
409 2437
410 1854
411 727
411 915
411 963
411 1120
411 1214
411 1282
411 1326
411 1470
411 1608
411 1611
411 1729
411 1736
411 1828
411 1885
411 1948
411 1970
411 2042
411 2141
411 2221
411 2230
411 2377
411 2437
412 2467
413 1192
413 2157
414 1608
415 796
415 1120
415 2042
415 2141
415 2437
416 593
416 1941
417 963
418 765
419 972
419 2230
420 1608
421 581
421 586
421 1098
421 1278
421 1581
421 1847
421 1975
421 2078
421 2437
422 581
422 657
422 1542
423 1246
423 2246
424 919
424 1608
424 2437
425 1729
426 2437
427 765
427 1174
427 1275
427 1440
427 1733
427 1791
427 1830
427 1859
427 1878
427 1944
427 2171
427 2266
427 2437
428 1409
428 1581
428 1866
406 429
429 1581
430 1608
431 893
431 1608
432 499
432 972
433 499
433 508
433 768
433 972
433 2141
434 581
435 2067
436 1791
436 1847
436 2078
437 1975
438 765
438 822
438 1686
438 2110
438 2233
438 2245
256 439
439 1608
439 2437
440 1608
441 1729
441 2437
442 1608
442 2437
443 2042
444 1479
445 1608
446 765
447 1608
448 581
448 586
448 616
448 1278
448 1791
448 1847
449 1608
449 2437
450 1581
451 1608
452 919
452 2437
453 1608
453 2437
454 586
454 1791
454 1975
455 1080
455 1581
455 1750
455 2073
455 2387
457 796
458 1608
458 2437
13 459
459 1791
459 2078
460 1848
460 2237
461 499
461 581
461 586
461 714
461 727
461 765
461 972
461 1120
461 1192
461 1214
461 1278
461 1282
461 1326
461 1470
461 1581
461 1608
461 1611
461 1708
461 1710
461 1729
461 1736
461 1791
461 1828
461 1847
461 1948
461 1970
461 1975
461 2042
461 2067
461 2078
461 2141
461 2157
461 2221
461 2230
461 2377
461 2437
462 1120
462 1729
463 1608
463 2437
464 1581
465 1192
465 1582
465 2157
466 855
466 1876
466 2400
467 727
467 1828
468 2437
469 1068
469 1791
469 1847
469 2078
470 1608
470 2437
471 581
471 972
256 472
472 1608
473 1608
474 499
474 972
474 2437
475 963
476 499
476 972
476 1387
476 1581
476 1710
476 1729
476 2067
477 1608
477 2437
478 765
478 1120
478 1729
478 1736
478 2141
478 2230
479 1608
479 1975
479 2437
480 586
480 1581
480 1710
480 1729
480 1784
480 1791
480 2063
481 714
481 2377
482 959
482 1120
482 1601
482 2284
483 793
483 1175
483 1372
483 1442
483 1581
483 1596
483 1734
483 2196
484 963
485 1608
486 1120
486 1729
486 2141
487 792
487 1608
487 2437
488 2221
488 2437
489 714
489 1192
489 1214
489 1948
490 1708
490 2437
491 1608
493 2437
494 654
494 1120
495 1745
496 1581
497 1608
497 2437
498 714
499 506
499 508
499 518
499 558
499 579
499 581
499 586
499 590
499 591
499 602
499 607
499 616
499 633
499 643
499 647
499 661
499 665
499 685
499 690
499 705
499 710
499 729
499 742
499 755
499 768
499 778
499 808
499 889
499 941
499 946
499 952
499 963
499 971
499 972
499 973
499 985
499 1006
499 1038
499 1047
499 1069
499 1086
499 1093
499 1120
499 1160
499 1171
499 1172
499 1192
499 1193
499 1206
499 1207
499 1220
499 1222
499 1261
499 1262
499 1282
499 1298
499 1311
499 1320
499 1326
499 1345
499 1356
499 1387
499 1401
499 1412
499 1416
499 1441
499 1466
499 1479
499 1487
499 1492
499 1504
499 1551
499 1552
499 1554
499 1574
499 1589
499 1618
499 1646
499 1647
499 1662
499 1680
499 1702
499 1712
499 1729
499 1736
499 1751
499 1763
499 1803
499 1804
499 1828
499 1860
499 1879
499 1881
499 1948
499 1954
499 1968
499 1969
499 1975
499 2019
499 2023
499 2026
499 2041
499 2069
499 2093
499 2095
499 2112
499 2141
499 2143
499 2157
499 2189
499 2211
499 2221
499 2230
499 2280
499 2301
499 2311
499 2312
499 2325
499 2333
499 2366
499 2370
499 2394
499 2403
499 2417
499 2456
500 765
500 1608
500 2437
501 1581
502 1608
502 2437
256 503
503 1608
503 2437
504 2437
505 1608
505 2437
506 972
507 1608
508 768
508 972
508 2141
508 2377
509 1608
509 2437
256 510
510 1608
510 2437
511 581
511 586
511 616
511 1278
511 1791
511 1847
512 2437
222 513
363 513
513 566
513 579
513 642
513 1049
513 1168
513 1303
513 1510
513 1735
513 1755
513 1882
513 1890
513 1921
513 1928
513 1971
513 2187
7 514
515 581
515 586
515 1791
516 586
516 1581
516 1791
11 517
517 1278
517 1581
518 581
518 586
518 714
518 727
518 765
518 963
518 972
518 1120
518 1278
518 1470
518 1581
518 1608
518 1611
518 1708
518 1710
518 1729
518 1970
518 1975
518 2041
518 2042
518 2067
518 2078
518 2221
518 2377
518 2437
519 727
519 765
519 1708
520 1608
520 2437
521 1608
521 2437
522 1608
522 2437
523 1608
523 2437
524 963
524 1608
524 1611
524 2042
525 1142
525 1214
525 1282
525 1724
525 1736
525 1828
525 1948
525 2157
525 2230
22 526
527 586
527 1975
527 2078
528 727
528 2042
529 1608
530 765
530 1608
391 531
483 531
531 793
531 1175
531 1372
531 1442
531 1581
531 1596
531 1734
531 2196
532 1282
532 1736
532 2230
533 1608
533 2437
535 586
536 1608
536 2437
538 1581
539 1608
539 2437
540 581
540 1791
541 1608
542 1608
542 2437
543 586
543 1791
543 2355
544 877
544 1120
544 1202
544 1204
544 1531
544 1547
544 1583
544 1597
544 1729
544 1788
544 1819
544 1979
544 2018
544 2141
544 2402
544 2464
545 765
545 2144
545 2253
546 2230
546 2437
547 1608
256 548
548 1608
549 1120
549 1608
550 1608
550 2437
551 1192
552 1608
553 1608
554 714
554 727
554 1581
555 1608
555 2437
556 1970
556 2042
556 2437
557 1608
557 2437
558 714
558 727
559 1791
560 727
560 963
560 1608
560 1611
560 1828
560 1997
560 2042
560 2195
560 2221
561 1581
562 1814
562 2038
562 2225
563 827
564 1608
564 1729
564 2377
564 2437
565 1608
566 579
566 642
566 1049
566 1168
566 1303
566 1510
566 1735
566 1755
566 1882
566 1890
566 1921
566 1928
566 1971
566 2187
567 1708
567 2157
568 586
568 1278
568 1608
568 1611
568 1791
568 1975
256 569
569 2437
570 1192
570 1581
570 1708
570 1710
571 597
571 2124
572 1608
573 586
573 1791
574 1581
574 2157
575 1608
575 2437
256 576
576 1608
577 843
577 1186
577 1214
577 1378
577 1776
577 1948
577 2067
578 1214
578 1710
578 2157
579 642
579 647
579 710
579 972
579 1047
579 1049
579 1168
579 1193
579 1303
579 1387
579 1441
579 1510
579 1581
579 1618
579 1710
579 1729
579 1735
579 1755
579 1882
579 1890
579 1921
579 1928
579 1968
579 1971
579 2067
579 2187
580 1791
580 1975
581 586
581 590
581 591
581 596
581 602
581 616
581 634
581 662
581 668
581 671
581 690
581 700
581 701
581 714
581 727
581 765
581 778
581 798
581 801
581 806
581 810
581 817
581 840
581 880
581 897
581 956
581 960
581 964
581 965
581 972
581 989
581 1006
581 1007
581 1015
581 1048
581 1068
581 1086
581 1102
581 1120
581 1162
581 1166
581 1169
581 1171
581 1192
581 1206
581 1257
581 1326
581 1345
581 1355
581 1359
581 1377
581 1385
581 1406
581 1426
581 1430
581 1486
581 1527
581 1530
581 1548
581 1558
581 1567
581 1581
581 1608
581 1611
581 1634
581 1642
581 1651
581 1667
581 1669
581 1672
581 1684
581 1685
581 1704
581 1708
581 1710
581 1721
581 1740
581 1769
581 1777
581 1791
581 1806
581 1832
581 1842
581 1846
581 1854
581 1863
581 1909
581 1914
581 1923
581 1940
581 1958
581 1975
581 1981
581 1993
581 2000
581 2003
581 2005
581 2026
581 2032
581 2067
581 2069
581 2075
581 2089
581 2092
581 2104
581 2114
581 2136
581 2193
581 2206
581 2215
581 2219
581 2244
581 2252
581 2280
581 2309
581 2315
581 2333
581 2341
581 2342
581 2394
581 2437
581 2449
581 2460
581 2462
582 2157
583 1608
584 1214
584 1282
584 1736
584 1828
584 1948
584 2157
584 2230
585 1608
586 591
586 596
586 602
586 616
586 671
586 690
586 714
586 727
586 747
586 765
586 776
586 778
586 801
586 809
586 814
586 851
586 872
586 880
586 897
586 939
586 989
586 999
586 1006
586 1007
586 1068
586 1086
586 1102
586 1165
586 1169
586 1171
586 1205
586 1206
586 1218
586 1220
586 1257
586 1264
586 1299
586 1314
586 1326
586 1345
586 1355
586 1359
586 1368
586 1406
586 1425
586 1498
586 1507
586 1511
586 1530
586 1548
586 1565
586 1569
586 1575
586 1581
586 1582
586 1589
586 1608
586 1611
586 1643
586 1667
586 1669
586 1684
586 1700
586 1704
586 1708
586 1710
586 1718
586 1769
586 1777
586 1791
586 1806
586 1832
586 1833
586 1842
586 1846
586 1863
586 1870
586 1902
586 1909
586 1923
586 1940
586 1951
586 1960
586 1975
586 1993
586 2000
586 2026
586 2037
586 2067
586 2069
586 2092
586 2104
586 2114
586 2136
586 2166
586 2206
586 2221
586 2244
586 2264
586 2280
586 2308
586 2309
586 2315
586 2333
586 2355
586 2394
586 2417
586 2434
586 2436
586 2437
586 2446
587 1581
588 1708
588 1729
589 1608
589 2437
590 765
590 972
590 1192
590 1581
590 1708
590 1791
590 1975
590 2067
590 2157
591 727
591 1791
591 1975
591 2026
591 2394
592 1608
592 2437
593 1847
594 714
594 1736
256 595
595 1608
595 2437
596 1278
597 1120
597 1559
598 990
599 1608
599 2437
600 781
601 1608
602 616
602 690
602 714
602 727
602 765
602 963
602 1282
602 1345
602 1581
602 1608
602 1611
602 1708
602 1710
602 1729
602 1736
602 1791
602 1975
602 2067
602 2157
602 2230
602 2437
603 1608
603 2437
604 1791
604 1975
605 1866
607 972
607 1192
608 2437
609 1536
609 2221
609 2437
610 1975
611 727
611 1828
612 972
612 1390
612 1581
612 1708
612 2067
613 1608
613 2437
614 1608
614 2437
615 1608
615 2437
616 690
616 714
616 727
616 765
616 880
616 963
616 1007
616 1282
616 1345
616 1581
616 1608
616 1611
616 1684
616 1708
616 1710
616 1729
616 1736
616 1791
616 1923
616 1975
616 2067
616 2157
616 2230
616 2437
256 617
617 1608
617 2437
618 1745
619 1608
619 2437
620 765
620 2437
621 714
621 2437
622 1608
622 1729
622 2042
622 2230
622 2437
623 919
623 1608
623 2437
624 651
624 718
624 1129
624 1785
624 2052
625 1581
626 1608
626 2437
627 1608
627 2437
629 1581
630 727
630 1611
256 631
631 1608
631 2437
632 765
633 972
634 1975
635 1608
635 2437
636 2467
637 796
637 1282
637 1970
638 647
638 710
638 891
638 1009
638 1452
638 1629
638 1994
638 2013
640 796
642 1049
642 1168
642 1303
642 1510
642 1735
642 1755
642 1882
642 1890
642 1921
642 1928
642 1971
642 2187
643 727
643 1557
643 1608
643 1975
643 2067
643 2143
643 2437
644 2067
646 1608
647 710
647 891
647 972
647 1009
647 1452
647 1581
647 1618
647 1629
647 1710
647 1729
647 1994
647 2013
647 2067
648 1608
648 2437
649 1042
650 765
650 1791
651 2052
652 1120
652 1608
652 1736
653 1608
653 2437
655 1409
655 1588
655 2032
656 963
657 1192
657 1710
657 1828
657 1948
658 2437
659 1608
659 2437
660 727
660 1611
661 972
661 1192
662 1278
662 1791
662 1975
7 663
664 1736
665 714
665 972
665 1192
665 1791
665 2067
666 1608
666 2437
667 765
667 2437
668 1278
668 2078
34 669
35 669
669 727
669 765
669 2437
670 1608
671 1278
671 1791
671 1847
671 1975
671 2078
672 1608
672 2437
673 1608
673 2437
674 1608
674 2437
675 1608
675 2437
676 2437
677 2437
678 1608
678 2437
679 1608
679 2437
680 796
680 1120
680 2042
680 2141
680 2437
681 1608
681 2437
682 1608
683 893
683 1111
683 1471
683 1877
683 2240
684 963
684 2042
685 727
685 1736
685 2141
686 963
686 1608
686 2437
687 2437
688 765
688 1120
688 1729
689 765
689 2437
690 714
690 727
690 765
690 963
690 1171
690 1282
690 1345
690 1450
690 1581
690 1608
690 1611
690 1708
690 1710
690 1729
690 1736
690 1791
690 1975
690 2067
690 2157
690 2230
690 2280
690 2437
691 1608
691 2437
692 727
692 1611
693 1608
693 2437
695 2437
696 1608
696 2437
697 1550
697 1791
698 1608
698 2437
699 1608
699 2437
700 1278
700 1729
700 1975
701 1278
701 1791
701 1975
702 1608
702 2437
703 1758
703 2157
706 1791
707 919
707 1608
707 2437
708 714
708 2437
709 963
709 1608
710 891
710 972
710 1009
710 1452
710 1581
710 1618
710 1629
710 1710
710 1729
710 1994
710 2013
710 2067
711 1608
711 2437
712 1135
712 1816
712 1975
712 2393
713 1708
713 1729
714 738
714 742
714 788
714 795
714 816
714 825
714 830
714 836
714 916
714 950
714 975
714 985
714 1000
714 1006
714 1035
714 1038
714 1043
714 1046
714 1052
714 1074
714 1103
714 1150
714 1171
714 1206
714 1212
714 1220
714 1234
714 1251
714 1262
714 1267
714 1278
714 1290
714 1315
714 1326
714 1333
714 1345
714 1374
714 1396
714 1484
714 1485
714 1562
714 1579
714 1589
714 1601
714 1619
714 1662
714 1669
714 1714
714 1729
714 1737
714 1751
714 1754
714 1759
714 1809
714 1811
714 1847
714 1879
714 1954
714 1972
714 1975
714 2041
714 2065
714 2111
714 2141
714 2175
714 2189
714 2200
714 2206
714 2221
714 2226
714 2276
714 2280
714 2301
714 2311
714 2333
714 2375
714 2385
714 2436
714 2472
715 1608
715 2437
716 1499
717 1581
718 2052
719 2377
719 2437
720 2034
721 1608
721 2437
722 2437
723 1608
723 2437
725 1479
726 1608
727 758
727 760
727 778
727 800
727 819
727 848
727 903
727 907
727 916
727 935
727 969
727 978
727 985
727 995
727 999
727 1006
727 1056
727 1086
727 1171
727 1176
727 1206
727 1208
727 1296
727 1312
727 1326
727 1328
727 1339
727 1345
727 1348
727 1365
727 1374
727 1394
727 1436
727 1473
727 1495
727 1533
727 1539
727 1589
727 1608
727 1627
727 1632
727 1637
727 1658
727 1703
727 1714
727 1716
727 1740
727 1751
727 1762
727 1782
727 1823
727 1828
727 1834
727 1856
727 1879
727 1937
727 1949
727 1975
727 1997
727 2026
727 2041
727 2052
727 2062
727 2069
727 2080
727 2111
727 2126
727 2143
727 2172
727 2201
727 2221
727 2231
727 2255
727 2280
727 2285
727 2288
727 2310
727 2318
727 2333
727 2351
727 2356
727 2369
727 2394
727 2406
727 2422
727 2437
727 2471
727 2472
729 1192
729 2157
730 1608
730 2437
731 2359
732 828
732 953
732 1051
732 1404
732 1581
732 2300
732 2470
733 1608
733 2437
734 1608
735 1608
735 2437
736 765
736 1736
736 2437
737 1608
737 2437
738 1150
738 1234
738 1759
738 2226
738 2375
738 2377
738 2437
739 1608
256 740
740 1608
740 2437
741 1608
742 765
742 972
742 1192
742 1470
742 1581
742 1708
742 1710
742 1729
742 1970
742 2067
742 2141
743 2437
744 1608
744 2437
745 2437
746 1608
748 1608
750 1791
13 751
17 751
49 751
581 751
586 751
714 751
751 765
751 1028
751 1214
751 1581
751 1710
751 1791
751 1847
751 1970
751 1975
751 2230
752 1608
752 2437
753 2437
754 1608
754 2437
756 1307
757 1608
757 1729
758 1192
758 1729
758 1837
758 2392
758 2437
758 2471
759 1608
759 2437
760 1192
760 1729
760 2437
760 2471
761 1736
761 1791
761 2230
762 963
762 1608
763 1710
764 1581
765 784
765 825
765 837
765 863
765 866
765 876
765 883
765 905
765 916
765 959
765 985
765 997
765 999
765 1006
765 1011
765 1016
765 1022
765 1038
765 1042
765 1046
765 1060
765 1080
765 1086
765 1125
765 1128
765 1171
765 1174
765 1195
765 1206
765 1220
765 1229
765 1262
765 1275
765 1278
765 1281
765 1304
765 1307
765 1318
765 1326
765 1345
765 1374
765 1379
765 1438
765 1440
765 1579
765 1589
765 1598
765 1639
765 1658
765 1662
765 1664
765 1714
765 1722
765 1729
765 1733
765 1751
765 1777
765 1806
765 1818
765 1830
765 1847
765 1850
765 1859
765 1861
765 1878
765 1902
765 1909
765 1935
765 1944
765 1975
765 2005
765 2010
765 2041
765 2069
765 2111
765 2112
765 2132
765 2135
765 2143
765 2162
765 2171
765 2177
765 2179
765 2189
765 2221
765 2266
765 2280
765 2315
765 2333
765 2340
765 2344
765 2415
766 1608
767 1278
768 972
768 2141
769 1608
769 2437
770 1028
770 1791
770 1847
771 1608
771 2437
772 1608
772 2437
774 1608
774 2437
775 2157
776 1169
776 1582
776 1975
776 2192
256 777
777 2437
778 972
778 1192
778 1214
778 1278
778 1791
778 1828
778 1948
778 1975
778 2221
778 2377
778 2437
779 1479
780 2437
781 1029
782 1340
782 1409
782 1866
784 1120
784 1125
785 2437
786 1791
787 1608
787 1841
787 1970
788 1192
789 1120
789 1608
789 1729
790 1608
790 2437
791 2437
792 1103
792 1611
793 1175
793 1372
793 1442
793 1581
793 1596
793 1734
793 2196
794 2236
794 2307
794 2467
795 2437
796 915
796 1120
796 1326
796 1389
796 1524
796 1542
796 1662
796 1729
796 1780
796 1885
796 2096
796 2141
796 2208
796 2414
797 1708
797 1729
798 963
798 1608
798 1791
798 1847
799 1608
801 1120
801 1192
801 1214
801 1278
801 1736
801 1791
801 1948
801 1975
801 2230
57 802
803 990
803 1468
803 1472
803 1592
406 804
804 1581
805 1608
805 2437
806 1278
806 1581
806 1791
806 1975
807 2437
808 1076
810 840
810 1221
811 1608
714 812
812 2377
812 2437
813 1581
814 1948
815 972
815 1729
816 1214
816 1543
816 2230
817 2078
818 1608
818 2437
819 1828
820 1608
821 1608
823 1608
823 2437
824 1608
824 2437
825 1046
825 1278
825 1791
825 1975
825 2437
826 1975
828 953
828 1051
828 1404
828 1581
828 2300
828 2470
829 1608
829 2437
830 1214
830 1710
830 1948
831 1608
831 2437
832 1608
833 1608
833 2437
834 1278
834 1791
836 1120
836 1192
836 1214
836 1278
836 1282
836 2157
837 1708
838 1608
838 2437
839 1608
839 2437
840 2067
841 1608
842 1278
842 1791
843 1378
843 1608
844 2065
844 2175
845 1608
845 2437
256 846
846 1608
847 1581
848 2437
406 849
849 1581
850 1710
850 1795
850 1975
850 2230
851 1791
851 1975
853 1608
853 2437
854 1347
854 1903
854 1975
855 1876
855 2400
856 2437
858 1526
858 2230
859 1192
860 1791
861 1608
861 2437
862 2437
863 2067
864 1581
866 1581
866 1710
866 1975
867 1608
868 1581
869 2437
870 1608
870 2437
871 2437
872 1581
872 1791
873 1236
873 1336
873 1608
873 2432
874 1608
875 1608
875 2437
877 1729
877 1788
877 2141
256 878
878 2437
879 1028
879 1278
879 1581
879 1791
879 2078
879 2157
880 1278
880 1791
880 1847
881 1608
882 1608
883 1214
883 1470
883 1581
883 1736
883 2157
732 884
828 884
884 1051
884 1581
884 2300
885 1608
885 2437
886 1608
886 2437
887 1011
888 963
888 1608
889 972
889 1192
890 1192
890 1581
890 1729
891 1009
891 1452
891 1629
891 1994
891 2013
892 1608
893 1111
893 1471
893 1877
893 2240
894 1608
894 2437
895 1608
895 2437
896 1608
896 2437
897 1278
898 1611
899 1608
900 1214
900 1948
901 2042
901 2377
902 1608
904 2230
904 2453
905 1639
906 1719
907 1611
908 1611
909 1608
909 2437
910 1655
911 1608
912 1608
913 1608
913 2437
914 1608
914 2437
915 1120
915 2042
915 2141
915 2437
916 1120
916 1192
916 1214
916 1282
916 1581
916 1608
916 1611
916 1708
916 1710
916 1736
916 1828
916 1948
916 2042
916 2157
916 2230
916 2437
917 1608
917 2437
918 2437
919 1126
919 1154
919 1183
919 1226
919 1238
919 1260
919 1376
919 1388
919 1399
919 1431
919 1439
919 1561
919 1608
919 1720
919 1738
919 1741
919 1773
919 1831
919 2083
919 2109
919 2146
919 2147
919 2238
919 2320
919 2360
919 2367
919 2396
919 2423
919 2437
920 1608
920 2437
921 1611
921 2042
922 1791
922 1975
923 1608
923 2437
924 963
924 1073
924 1608
924 1611
924 2042
925 1608
925 2437
926 1758
927 1331
928 963
929 972
929 1608
931 1608
933 1608
933 1729
933 2042
933 2230
933 2437
934 1608
934 2437
935 1611
936 1608
936 2195
936 2437
937 1608
937 2437
938 1608
939 1791
940 1581
941 972
942 1729
942 2478
943 1608
943 2437
944 1608
944 2437
945 1120
945 1192
946 972
946 1192
947 1608
947 2437
948 1120
949 972
949 1192
950 1608
951 2157
952 972
952 1729
953 1404
953 1581
953 2300
953 2470
954 1120
954 1708
954 1729
955 1608
955 2437
75 957
958 1608
959 1192
959 1601
959 2284
960 1581
961 2437
962 1729
963 967
963 972
963 978
963 985
963 1006
963 1038
963 1073
963 1133
963 1160
963 1171
963 1192
963 1220
963 1251
963 1293
963 1345
963 1492
963 1508
963 1532
963 1578
963 1589
963 1595
963 1608
963 1611
963 1705
963 1747
963 1811
963 1879
963 1894
963 1916
963 1937
963 1948
963 1973
963 1997
963 2041
963 2042
963 2048
963 2189
963 2194
963 2221
963 2232
963 2237
963 2280
963 2288
963 2303
963 2311
963 2333
963 2336
963 2374
963 2377
963 2397
963 2466
964 1975
966 1708
966 2437
967 1374
967 1608
967 2042
967 2111
968 1847
968 1970
969 1611
971 972
971 1192
972 973
972 985
972 1006
972 1015
972 1038
972 1047
972 1086
972 1093
972 1120
972 1156
972 1160
972 1192
972 1193
972 1206
972 1207
972 1220
972 1222
972 1261
972 1262
972 1282
972 1298
972 1311
972 1320
972 1356
972 1357
972 1387
972 1401
972 1412
972 1441
972 1487
972 1491
972 1492
972 1504
972 1551
972 1552
972 1574
972 1589
972 1618
972 1647
972 1658
972 1662
972 1702
972 1712
972 1729
972 1736
972 1751
972 1763
972 1803
972 1828
972 1879
972 1881
972 1948
972 1954
972 1968
972 1975
972 2023
972 2041
972 2067
972 2069
972 2093
972 2095
972 2112
972 2157
972 2189
972 2192
972 2211
972 2221
972 2230
972 2311
972 2333
972 2370
972 2403
972 2456
975 1608
975 1975
975 2389
976 1608
976 2437
978 1828
979 1608
980 1608
980 2437
981 1608
981 2437
982 1214
982 1710
982 1729
983 1581
984 1214
984 1710
985 1214
985 1278
985 1282
985 1581
985 1608
985 1708
985 1710
985 1729
985 1736
985 1828
985 2078
985 2157
985 2230
985 2377
986 2437
987 1307
988 1278
989 1975
990 1611
990 1791
990 1793
990 1848
990 1945
991 1282
991 1608
992 1608
992 2437
993 1608
993 2437
256 994
994 1608
994 2437
995 1192
995 1729
995 2437
995 2471
996 1608
997 1120
997 1131
997 1214
997 1278
997 1444
997 1581
997 1608
997 1791
997 1948
997 2157
998 1608
999 1736
999 1791
999 2067
999 2437
1000 1608
1001 1828
1002 1608
1002 2437
1003 2437
1004 1103
1005 2437
1006 1120
1006 1192
1006 1214
1006 1278
1006 1282
1006 1470
1006 1581
1006 1608
1006 1611
1006 1708
1006 1710
1006 1729
1006 1736
1006 1791
1006 1828
1006 1847
1006 1970
1006 1975
1006 2042
1006 2067
1006 2078
1006 2157
1006 2221
1006 2230
1006 2377
1006 2437
49 1007
1007 1278
1007 1791
1007 1847
1008 1708
1008 2437
1009 1452
1009 1629
1009 1994
1009 2013
1010 1791
256 1012
1012 1608
1013 1608
1013 1611
1013 2042
1014 1975
1015 1535
1017 1608
1017 2437
1018 1608
1018 2437
1019 1282
1019 2437
1020 1272
1020 1307
1020 1313
11 1021
17 1021
49 1021
581 1021
586 1021
1021 1278
1021 1791
1021 1847
1021 1975
1023 2067
1024 1608
1025 1097
1026 1108
1027 1608
1027 2437
1028 1791
1030 2437
1031 1608
1031 2437
1032 1608
1032 2437
1033 2437
1034 1581
1036 1608
1036 1729
1036 2042
1036 2230
1036 2437
1038 1791
1038 2067
1038 2377
1039 2042
1040 2230
1040 2437
1041 1608
1041 2437
1042 1608
1043 2437
1045 1608
1046 1278
1046 1975
1046 2437
1047 1581
1047 1618
1047 1710
1047 1729
1047 1968
1047 2067
1048 2078
1049 1168
1049 1303
1049 1510
1049 1735
1049 1755
1049 1882
1049 1890
1049 1921
1049 1928
1049 1971
1049 2187
1050 1608
1050 2437
1051 1581
1051 2300
1053 1608
1055 1409
1055 1866
1056 1828
1058 2437
1061 2067
256 1063
1063 1608
1064 1120
1064 1192
1064 2157
1065 1120
1065 1192
1065 2333
1066 1608
1067 2437
1068 1278
1068 1791
1068 1847
1068 1975
1068 2078
1069 1729
1070 1608
1071 1278
1072 1608
1072 2437
1073 1611
1073 2042
1074 2437
1075 1608
1076 1363
1078 1608
1078 2437
1079 1581
1079 2345
1080 1750
1081 1791
1081 1975
1082 1536
1083 1608
1084 1309
1084 1800
1085 1087
1085 1484
1085 1581
1085 1612
1085 2473
1086 1192
1086 1278
1086 1791
1086 1975
1086 2141
1086 2437
1087 1484
1087 1612
1087 2473
1088 1608
1089 1608
1089 2437
1090 1192
1090 1513
1090 1581
1090 1729
1091 1120
1092 1367
1092 1970
1093 1729
1094 1608
1095 1847
1096 1608
1096 2437
1097 1278
1097 1791
1098 2322
1098 2459
1098 2468
1099 1791
1100 1608
1100 2437
1101 2437
1102 1278
1102 1847
1102 1975
1103 1729
1103 2317
256 1104
1104 1708
1105 1608
1106 1120
1106 1608
1106 1729
1106 1798
1106 2072
1106 2141
1106 2437
1107 1791
1109 1608
1109 2437
1110 1608
1110 2437
1111 1471
1111 1877
1111 2240
1112 2437
1113 1608
1113 2437
1114 1192
1114 1214
1114 1710
1115 1975
1116 1214
1118 1608
1118 2437
1119 1120
1119 1847
1120 1125
1120 1178
1120 1196
1120 1204
1120 1206
1120 1249
1120 1281
1120 1290
1120 1305
1120 1326
1120 1355
1120 1392
1120 1413
1120 1444
1120 1453
1120 1458
1120 1542
1120 1646
1120 1662
1120 1714
1120 1729
1120 1730
1120 1745
1120 1751
1120 1767
1120 1787
1120 1788
1120 1795
1120 1807
1120 1827
1120 1861
1120 1865
1120 1885
1120 1897
1120 1966
1120 1975
1120 2069
1120 2134
1120 2141
1120 2143
1120 2186
1120 2208
1120 2244
1120 2333
1120 2363
1120 2386
1120 2414
1120 2421
1120 2430
1121 1306
1121 1581
1121 1791
1122 1608
1122 2437
1123 1915
1123 2371
1124 2437
1126 2437
1127 1608
1127 2437
1128 2437
1129 2052
1130 1608
1130 2437
1131 1638
1132 1754
1132 2195
1134 1608
1136 2437
1137 1608
1137 2437
1138 2437
1139 1608
1139 2437
1140 1608
1142 1214
1142 1282
1142 1724
1142 1736
1142 1828
1142 1948
1142 2157
1142 2230
57 1143
1143 1768
256 1145
1145 2437
1146 2437
1147 1608
1148 2437
1150 1234
1150 1759
1150 2226
1150 2375
1150 2377
1150 2437
1151 2437
1152 1608
1152 2437
1153 1278
1153 1975
1154 1608
1154 2437
1155 1608
1155 2437
17 1157
1157 1791
1158 2437
1159 1608
1159 2437
1160 1192
1160 1492
1160 1608
1160 1611
1160 1948
1160 2042
1160 2377
1161 1282
1161 1736
1161 2230
1162 1791
1162 1975
1164 1718
1165 1708
1165 2377
1166 1975
1167 1608
1168 1303
1168 1510
1168 1735
1168 1755
1168 1882
1168 1890
1168 1921
1168 1928
1168 1971
1168 2187
1169 1791
1169 1975
1170 1608
1171 1282
1171 1581
1171 1608
1171 1611
1171 1708
1171 1710
1171 1729
1171 1736
1171 1791
1171 1975
1171 2067
1171 2157
1171 2230
1171 2437
1172 1192
1172 1324
1172 1708
1172 1710
1174 1275
1174 1440
1174 1733
1174 1791
1174 1830
1174 1859
1174 1878
1174 1944
1174 2171
1174 2266
1174 2437
1175 1372
1175 1442
1175 1581
1175 1596
1175 1734
1175 2196
1177 1970
1178 1282
1179 1581
1180 1608
1180 2437
1181 1608
1181 2437
1182 1608
1182 2437
1183 1608
1183 2437
1184 1608
1184 2437
1185 1710
1185 1948
1185 2157
1186 1378
1186 1776
1187 1608
1188 1608
1188 2437
1189 2471
1190 2157
1192 1206
1192 1262
1192 1334
1192 1355
1192 1357
1192 1397
1192 1401
1192 1436
1192 1453
1192 1483
1192 1492
1192 1518
1192 1576
1192 1581
1192 1598
1192 1623
1192 1627
1192 1658
1192 1708
1192 1729
1192 1737
1192 1803
1192 1911
1192 1954
1192 1965
1192 1972
1192 2019
1192 2023
1192 2067
1192 2069
1192 2093
1192 2160
1192 2163
1192 2192
1192 2206
1192 2211
1192 2221
1192 2244
1192 2312
1192 2333
1192 2370
1192 2385
1192 2403
1192 2456
1192 2471
1193 1504
1193 1581
1193 1618
1193 1710
1193 1729
1193 2067
1194 1608
1194 2437
1197 2437
1198 1708
1201 1608
1202 1729
1202 1788
1202 2141
1203 1581
1204 1788
1205 1257
1205 1981
1205 2252
1206 1278
1206 1581
1206 1611
1206 1708
1206 1710
1206 1729
1206 1791
1206 1970
1206 1975
1206 2042
1206 2067
1206 2141
1206 2437
1207 1729
1207 2141
1209 1708
1210 2437
256 1211
1211 2437
1212 1608
1213 1608
1213 2437
1214 1282
1214 1328
1214 1355
1214 1358
1214 1381
1214 1436
1214 1533
1214 1576
1214 1662
1214 1714
1214 1724
1214 1736
1214 1751
1214 1817
1214 1828
1214 1948
1214 1965
1214 1975
1214 2006
1214 2029
1214 2051
1214 2112
1214 2143
1214 2157
1214 2220
1214 2230
1214 2244
1214 2277
1214 2294
1214 2333
1214 2414
1215 1608
1216 2144
1216 2239
256 1217
1217 2437
1219 1608
1219 2437
1220 1470
1220 1581
1220 1589
1220 1611
1220 1791
1220 1970
1220 1975
1220 2042
1220 2067
1223 1608
1223 2437
1214 1224
1225 1608
1225 2437
1226 2437
1227 2067
1228 1990
1230 1608
1230 2437
1232 1415
1232 1618
1232 1956
1232 2282
1232 2441
1233 1282
1234 1759
1234 2226
1234 2375
1234 2377
1234 2437
1235 2437
1236 2235
1237 1608
1237 2437
1238 1608
1238 2437
1239 1608
1239 2437
1240 1608
1241 1581
1242 2039
256 1243
963 1243
1244 1608
1244 2437
1245 1608
1246 2246
197 1247
727 1247
1247 1611
1248 2437
1250 1608
1250 2437
1251 1791
1251 1970
1251 2067
1251 2377
1252 1608
1253 2437
1254 1608
1254 2437
1255 2067
1256 1369
1256 1708
1256 2437
1257 1278
1259 1608
1259 2437
1261 1608
1262 1470
1262 1581
1262 1708
1262 1710
1262 1729
1262 1970
1262 2067
1262 2141
1264 1791
1265 1608
1265 2437
1266 2437
1267 2377
1267 2437
1268 1608
1268 2437
1269 1409
1269 1866
1270 1608
1270 2437
1271 1608
1272 1313
1274 1608
1274 2437
1275 1440
1275 1791
1275 1878
1275 2266
1275 2437
1276 1608
1276 2437
1277 1283
1278 1299
1278 1314
1278 1355
1278 1359
1278 1391
1278 1426
1278 1430
1278 1511
1278 1530
1278 1558
1278 1569
1278 1575
1278 1651
1278 1658
1278 1666
1278 1667
1278 1684
1278 1685
1278 1704
1278 1726
1278 1777
1278 1806
1278 1842
1278 1846
1278 1909
1278 1923
1278 1940
1278 1951
1278 1975
1278 1981
1278 1993
1278 2000
1278 2041
1278 2069
1278 2089
1278 2092
1278 2104
1278 2114
1278 2136
1278 2193
1278 2206
1278 2219
1278 2244
1278 2252
1278 2257
1278 2309
1278 2315
1278 2333
1278 2383
1278 2401
1278 2437
1278 2462
1279 1307
1280 1608
1280 2437
1282 1326
1282 1345
1282 1499
1282 1608
1282 1710
1282 1724
1282 1736
1282 1751
1282 1795
1282 1817
1282 1828
1282 1855
1282 1948
1282 1975
1282 2009
1282 2020
1282 2057
1282 2072
1282 2113
1282 2157
1282 2183
1282 2230
1282 2269
1282 2280
1282 2281
1282 2285
1282 2333
1282 2400
1282 2437
1282 2448
1282 2475
1284 1608
1285 1791
1285 1975
1286 1608
1286 2437
1289 1608
1289 2437
1290 1828
1290 2437
1291 1608
1291 2437
1293 1608
1294 1975
256 1295
1296 1611
1297 1708
1297 2437
1298 1581
1298 1710
1298 1729
1298 2067
1299 1569
1299 1608
1299 1611
1299 1791
1299 1975
1303 1510
1303 1735
1303 1755
1303 1882
1303 1890
1303 1921
1303 1928
1303 1971
1303 2187
1304 1307
1304 1950
1305 1708
1305 1729
1306 2301
1307 1950
1309 1800
1312 1611
1314 1608
1314 1611
1314 1791
1314 1975
1316 2230
1317 1608
256 1319
1319 1608
1320 1729
1321 2437
803 1322
1322 1975
1323 1581
1324 1708
1324 1710
1325 1758
1326 1581
1326 1611
1326 1706
1326 1708
1326 1710
1326 1736
1326 1828
1326 1970
1326 1975
1326 2042
1326 2141
1326 2157
1326 2221
1326 2230
1326 2317
1326 2338
1326 2436
1326 2437
1327 1608
1327 2437
1328 1581
1329 1608
1330 1581
1330 1710
1331 1608
1331 1611
1331 2437
1332 1581
1335 1479
1335 2067
1335 2474
1336 1760
1337 1608
1337 2437
1338 1608
1338 2437
1339 1611
1340 1409
1340 1866
1341 1608
1341 2437
1342 2437
1343 1608
1343 2437
1344 1608
1344 2437
1345 1581
1345 1608
1345 1611
1345 1708
1345 1710
1345 1729
1345 1736
1345 1791
1345 1975
1345 2067
1345 2157
1345 2230
1345 2437
1346 1729
1346 2437
1347 1903
1347 1975
1348 1828
1349 1608
1349 2437
1350 2437
1351 1608
1351 2437
1352 1608
1352 2437
256 1353
1353 1608
703 1354
1354 1758
1355 1736
1355 1791
1355 1948
1355 1975
1355 2230
1359 1791
1359 1847
1359 1975
1359 2078
1361 2437
13 1362
586 1362
1362 1791
1364 2141
1365 1611
1366 2437
1367 1970
1367 2194
1368 1791
1368 1975
1369 1708
1369 2437
1370 1638
1371 1608
1371 2437
1372 1442
1372 1581
1372 1596
1372 1734
1372 2196
1373 1581
1374 1608
1374 1611
1374 2042
1374 2111
1375 2437
1376 2437
1378 1776
1380 2437
1381 1791
1381 1948
1382 1581
1383 1608
256 1384
1384 1608
1386 2437
1387 1581
1387 1618
1387 1710
1387 1729
1387 2067
1388 2437
1390 1736
1390 2157
1391 1975
256 1393
1393 1608
1394 1611
1395 1608
1395 2437
1396 1608
1397 1581
1397 2163
1398 1581
1398 1608
1398 2437
1399 1608
1399 2437
1400 1581
1402 2437
1403 2437
1404 1581
1404 2300
1404 2470
1405 1608
1405 2437
1406 1791
1406 1975
1407 1581
1408 1608
1408 2437
1409 1866
1409 1888
1409 2032
1410 1608
1413 1745
1414 1581
1415 1618
1415 1956
1415 2282
1415 2441
1416 1729
1416 2377
1416 2437
1417 2437
1418 1975
7 1419
22 1419
411 1419
796 1419
1120 1419
1419 2042
1419 2141
1419 2437
1420 1608
1421 2437
406 1422
1422 1581
1423 2437
1424 1608
1424 2437
1425 1791
1427 1608
1427 2437
1428 1608
1428 2437
1429 1608
1429 2157
1430 1791
1430 1975
1431 1608
1432 1870
1433 1608
1433 2437
1434 1608
1434 2437
11 1435
13 1435
17 1435
581 1435
586 1435
616 1435
776 1435
1278 1435
1435 1791
1435 1975
1436 1736
1436 1828
1437 1608
1437 2437
1438 1791
1439 2437
1440 1733
1440 1791
1440 1830
1440 1859
1440 1878
1440 1944
1440 2171
1440 2266
1440 2437
1441 1581
1441 1618
1441 1710
1441 1729
1441 2067
1442 1581
1442 1596
1442 1734
1442 2196
1443 2437
1444 1791
1445 1608
1445 1736
1446 2437
22 1447
34 1447
1447 1736
1447 1791
1447 2230
1448 1608
1448 2437
1450 1791
1451 1608
1451 2437
1452 1629
1452 1994
1452 2013
1454 1608
1455 1758
1456 1608
1456 2437
1457 1608
1460 1791
1460 1975
1461 2437
1463 2259
1464 1608
1464 2437
1465 1608
1466 1708
1467 1608
1467 2437
1469 1608
1469 2437
1470 1589
1470 1662
1470 1751
1470 1879
1470 1943
1470 1975
1470 2041
1470 2200
1470 2221
1470 2301
1471 1877
1471 2240
1472 2388
1474 1608
1475 1736
1475 1791
1475 2230
1476 1608
1476 2437
1477 1608
1477 2437
1478 1608
1479 1860
1479 2067
1479 2391
1479 2474
1480 1975
1480 2078
1481 1608
1481 2437
1482 2042
1483 1791
1483 1975
1484 1581
1484 1608
1484 1612
1484 2473
1486 1975
1487 2067
1488 2437
1489 2437
1490 1608
1492 1608
1492 1611
1492 1948
1492 2042
1492 2377
1493 2437
1494 2437
1495 1611
1497 1608
1497 2437
1498 1791
1498 1975
1498 2264
1499 1970
1500 2437
1501 1949
1501 2221
1502 1608
1503 1791
1504 1581
1504 1710
1504 1729
1504 2067
1505 1608
1506 1608
1506 2437
1508 1848
1508 2042
1468 1509
1510 1735
1510 1755
1510 1882
1510 1890
1510 1921
1510 1928
1510 1971
1510 2187
1511 1608
1511 1611
1511 1791
1511 1975
1512 2434
1513 1581
1513 2141
1513 2157
256 1514
1514 2437
1516 2437
1517 1608
1517 2437
1519 1608
1520 1608
1520 2437
1521 1581
1522 1608
1522 2437
1523 1608
1524 1780
1525 1608
1525 2107
1527 2157
1528 2437
1529 1608
1529 2221
1529 2437
1530 1791
1530 1975
1531 1729
1531 1788
1531 2141
1532 2042
1533 2377
256 1534
1534 1608
1537 1729
1539 2080
1540 1608
1541 1608
1541 1708
1542 2141
1544 2157
1545 1608
1545 2437
1546 1608
1546 2437
1547 1729
1547 1788
1547 2141
1549 1791
1549 1975
1550 1791
1552 1581
1552 1710
1552 1729
1552 1968
1552 2067
1553 1608
1553 2437
1554 1708
1555 1608
17 1556
1557 2143
1558 1791
1558 1975
1558 2193
1560 1608
1561 1608
1561 2437
1562 2067
1563 1608
1563 2437
1564 1581
1565 1791
1565 1975
1566 1608
1568 1608
1568 2437
1569 1608
1569 1611
1569 1791
1569 1975
1570 1608
1570 2437
1571 1608
1571 2437
1572 1608
1573 2407
1574 1729
1575 1608
1575 1611
1575 1791
1575 1975
1576 1948
1576 2230
1577 1608
1577 2437
1578 1608
1579 1791
1579 1970
1579 2050
1579 2372
1580 1608
1581 1585
1581 1587
1581 1589
1581 1596
1581 1608
1581 1617
1581 1618
1581 1652
1581 1658
1581 1661
1581 1667
1581 1670
1581 1677
1581 1708
1581 1734
1581 1750
1581 1753
1581 1772
1581 1794
1581 1808
1581 1833
1581 1879
1581 1901
1581 1908
1581 1913
1581 1968
1581 1975
1581 1988
1581 1989
1581 2032
1581 2041
1581 2067
1581 2073
1581 2086
1581 2127
1581 2131
1581 2149
1581 2154
1581 2157
1581 2159
1581 2160
1581 2163
1581 2196
1581 2197
1581 2207
1581 2221
1581 2247
1581 2257
1581 2280
1581 2300
1581 2315
1581 2333
1581 2345
1581 2385
1581 2417
1581 2427
1581 2437
1581 2457
1581 2470
1583 1729
1583 1788
1583 2141
1584 1608
1584 2437
1586 1608
1586 2437
1587 1791
1587 1975
1587 2078
1588 2032
1589 1611
1589 1791
1589 1970
1589 1975
1589 2042
1589 2067
1590 1608
1592 1975
1593 1608
1593 2437
1594 1708
1594 2067
1595 1608
1595 2437
1596 1734
1596 2196
1597 1729
1597 1788
1597 2141
1599 1791
1599 2044
1600 1608
1601 1708
1601 2284
256 1602
1602 1608
1603 1638
1604 1608
1604 2437
1605 1608
1605 2437
1606 1608
1607 1608
1607 2437
1446 1608
1608 1609
1608 1610
1608 1613
1608 1614
1608 1615
1608 1616
1608 1620
1608 1622
1608 1625
1608 1626
1608 1630
1608 1644
1608 1645
1608 1647
1608 1648
1608 1653
1608 1657
1608 1658
1608 1674
1608 1676
1608 1687
1608 1689
1608 1691
1608 1696
1608 1699
1608 1705
1608 1707
1608 1713
1608 1714
1608 1715
1608 1717
1608 1719
1608 1723
1608 1728
1608 1736
1608 1738
1608 1739
1608 1740
1608 1741
1608 1742
1608 1743
1608 1744
1608 1751
1608 1752
1608 1761
1608 1764
1608 1765
1608 1766
1608 1773
1608 1775
1608 1778
1608 1779
1608 1783
1608 1790
1608 1796
1608 1799
1608 1805
1608 1809
1608 1812
1608 1815
1608 1820
1608 1821
1608 1824
1608 1825
1608 1826
1608 1828
1608 1838
1608 1839
1608 1840
1608 1841
1608 1843
1608 1844
1608 1845
1608 1849
1608 1851
1608 1857
1608 1862
1608 1867
1608 1868
1608 1869
1608 1871
1608 1872
1608 1873
1608 1879
1608 1880
1608 1886
1608 1891
1608 1893
1608 1896
1608 1900
1608 1904
1608 1905
1608 1910
1608 1912
1608 1920
1608 1922
1608 1924
1608 1926
1608 1927
1608 1929
1608 1932
1608 1934
1608 1935
1608 1936
1608 1937
1608 1938
1608 1943
1608 1947
1608 1948
1608 1951
1608 1959
1608 1961
1608 1962
1608 1964
1608 1973
1608 1974
1608 1975
1608 1976
1608 1978
1608 1984
1608 1987
1608 1991
1608 1992
1608 1997
1608 1998
1608 2002
1608 2004
1608 2007
1608 2009
1608 2014
1608 2025
1608 2028
1608 2033
1608 2034
1608 2035
1608 2040
1608 2041
1608 2043
1608 2045
1608 2053
1608 2055
1608 2056
1608 2061
1608 2064
1608 2070
1608 2072
1608 2076
1608 2083
1608 2091
1608 2095
1608 2097
1608 2098
1608 2101
1608 2105
1608 2106
1608 2109
1608 2111
1608 2117
1608 2118
1608 2126
1608 2128
1608 2129
1608 2130
1608 2132
1608 2138
1608 2139
1608 2140
1608 2142
1608 2143
1608 2146
1608 2150
1608 2152
1608 2156
1608 2157
1608 2158
1608 2161
1608 2165
1608 2167
1608 2168
1608 2169
1608 2173
1608 2174
1608 2182
1608 2183
1608 2184
1608 2188
1608 2190
1608 2191
1608 2192
1608 2199
1608 2212
1608 2214
1608 2217
1608 2222
1608 2228
1608 2230
1608 2238
1608 2242
1608 2250
1608 2262
1608 2263
1608 2267
1608 2270
1608 2273
1608 2274
1608 2275
1608 2278
1608 2280
1608 2281
1608 2283
1608 2287
1608 2290
1608 2295
1608 2299
1608 2302
1608 2304
1608 2305
1608 2306
1608 2314
1608 2319
1608 2321
1608 2323
1608 2326
1608 2328
1608 2333
1608 2337
1608 2339
1608 2347
1608 2349
1608 2353
1608 2354
1608 2358
1608 2360
1608 2361
1608 2362
1608 2364
1608 2365
1608 2367
1608 2368
1608 2374
1608 2376
1608 2389
1608 2397
1608 2407
1608 2408
1608 2410
1608 2411
1608 2412
1608 2413
1608 2416
1608 2419
1608 2423
1608 2424
1608 2429
1608 2433
1608 2435
1608 2437
1608 2442
1608 2445
1608 2447
1608 2448
1608 2452
1608 2454
1608 2461
1608 2463
1608 2465
1608 2476
1611 1632
1611 1637
1611 1703
1611 1714
1611 1716
1611 1717
1611 1751
1611 1782
1611 1823
1611 1834
1611 1848
1611 1894
1611 1906
1611 1951
1611 1975
1611 1986
1611 1997
1611 2042
1611 2111
1611 2172
1611 2194
1611 2221
1611 2231
1611 2255
1611 2280
1611 2288
1611 2303
1611 2318
1611 2333
1611 2351
1611 2369
1611 2379
1611 2406
1611 2422
1611 2466
1612 1835
1612 2473
1613 2437
1614 2437
1615 2437
1616 2437
1618 1710
1618 1729
1618 1956
1618 1968
1618 2067
1618 2282
1618 2441
1621 2437
1622 2437
1623 1791
1624 2437
1625 2437
1627 1729
1627 2437
1627 2471
1628 2437
1629 1994
1629 2013
1630 2437
716 1631
1282 1631
1499 1631
1631 1970
1633 2046
1633 2072
1634 1791
1635 2437
1636 2042
584 1640
1214 1640
1282 1640
1640 1736
1640 1828
1640 1948
1640 2157
1640 2230
499 1641
972 1641
1643 1975
1646 1729
1649 2437
1650 2437
1654 1791
1658 1708
1658 1710
1658 1729
1658 1791
1658 1975
1658 2067
1658 2437
11 1659
13 1659
581 1659
1278 1659
1659 1791
1659 1975
1660 2333
1662 1708
1662 1710
1662 1729
1662 1736
1662 1948
1662 2067
1662 2141
1662 2157
1662 2230
1662 2377
1666 1791
1667 1847
1667 1975
1667 2078
1667 2437
1668 2437
499 1671
972 1671
1673 2437
1674 2437
1608 1675
1675 2437
1676 2437
256 1678
1608 1678
1678 2437
1282 1679
1679 1970
1680 2157
256 1681
1608 1681
1681 2437
256 1682
1282 1682
1608 1682
919 1683
1608 1683
1683 2437
1684 1791
1684 1847
1685 1791
1685 1975
1687 2437
1688 2437
1689 2437
1690 1736
1691 2437
714 1692
738 1692
1150 1692
1234 1692
1692 1759
1692 2226
1692 2375
1692 2377
1692 2437
1693 2437
1694 1791
256 1695
1608 1695
1696 2437
1697 2437
1698 1708
1698 1729
1700 1791
1701 2437
1704 1791
1704 1847
1704 2078
1708 1714
1708 1722
1708 1729
1708 1730
1708 1751
1708 1756
1708 1767
1708 1791
1708 1827
1708 1850
1708 1879
1708 1917
1708 1975
1708 1996
1708 2041
1708 2058
1708 2069
1708 2085
1708 2115
1708 2139
1708 2143
1708 2221
1708 2280
1708 2286
1708 2333
1708 2363
1708 2386
1708 2401
1708 2421
1709 1718
1710 1714
1710 1736
1710 1751
1710 1754
1710 1795
1710 1798
1710 1828
1710 1948
1710 1965
1710 1968
1710 1975
1710 1983
1710 2041
1710 2085
1710 2111
1710 2134
1710 2138
1710 2157
1710 2179
1710 2195
1710 2206
1710 2230
1710 2247
1710 2277
1710 2280
1710 2333
1710 2385
11 1711
13 1711
17 1711
49 1711
581 1711
586 1711
1278 1711
1711 1791
1711 1847
1711 1975
1711 2078
1712 1729
1713 2437
1714 1828
1714 2042
1715 2437
1717 2042
1718 1791
1720 2437
1722 2067
1722 2157
1723 1736
1724 1736
1724 1828
1724 1948
1724 2157
1724 2230
1725 2437
1726 1975
1727 2437
1728 2437
649 1729
1472 1729
1729 1730
1729 1751
1729 1764
1729 1767
1729 1788
1729 1802
1729 1805
1729 1819
1729 1827
1729 1861
1729 1862
1729 1875
1729 1917
1729 1922
1729 1930
1729 1966
1729 1968
1729 1979
1729 1996
1729 2018
1729 2019
1729 2041
1729 2067
1729 2069
1729 2103
1729 2115
1729 2129
1729 2141
1729 2143
1729 2157
1729 2160
1729 2221
1729 2229
1729 2280
1729 2286
1729 2324
1729 2326
1729 2333
1729 2363
1729 2386
1729 2388
1729 2402
1729 2418
1729 2421
1729 2464
1729 2471
1608 1731
1733 1791
1733 1878
1733 2266
1733 2437
1734 2196
1735 1755
1735 1882
1735 1890
1735 1921
1735 1928
1735 1971
1735 2187
1736 1751
1736 1817
1736 1828
1736 1855
1736 1861
1736 1948
1736 1983
1736 2023
1736 2121
1736 2157
1736 2230
1736 2244
1736 2269
1736 2280
1736 2333
1736 2362
1736 2437
1737 1791
1739 2437
1740 1791
1740 1975
1740 2067
1740 2437
1741 2437
1742 2437
1743 2437
1745 2108
1747 2437
683 1748
893 1748
1111 1748
1471 1748
1748 1877
1748 2240
1749 2437
1750 2073
1751 1828
1751 1948
1751 1970
1751 2042
1751 2067
1751 2141
1751 2157
1751 2221
1751 2230
1751 2377
1751 2437
1752 2437
1754 2022
1754 2377
1755 1882
1755 1890
1755 1921
1755 1928
1755 1971
1755 2187
1756 1791
1758 2157
1758 2249
1758 2373
1759 2226
1759 2375
1759 2377
1759 2437
1761 2437
1762 1828
1764 2042
1764 2230
1764 2437
1765 2437
1766 2437
1768 1990
1769 1791
1769 1847
1769 1975
1769 2078
1770 2437
1771 2437
1773 2437
1774 2437
1775 2437
1777 1791
1777 1975
1778 2437
1784 2063
1785 2052
1786 2437
1788 1819
1788 1979
1788 2018
1788 2141
1788 2402
1788 2418
1788 2464
1789 1847
1789 2078
1790 2437
1791 1797
1791 1806
1791 1830
1791 1833
1791 1846
1791 1847
1791 1854
1791 1859
1791 1870
1791 1878
1791 1879
1791 1909
1791 1919
1791 1923
1791 1925
1791 1944
1791 1946
1791 1951
1791 1954
1791 1955
1791 1960
1791 1975
1791 1977
1791 1993
1791 2000
1791 2005
1791 2026
1791 2038
1791 2039
1791 2048
1791 2051
1791 2054
1791 2069
1791 2078
1791 2092
1791 2103
1791 2114
1791 2143
1791 2171
1791 2189
1791 2192
1791 2193
1791 2200
1791 2206
1791 2215
1791 2219
1791 2221
1791 2225
1791 2244
1791 2264
1791 2266
1791 2280
1791 2308
1791 2311
1791 2313
1791 2315
1791 2316
1791 2325
1791 2333
1791 2343
1791 2394
1791 2417
1791 2449
1791 2462
1792 2437
1793 1970
1795 1975
1796 2437
1798 2230
1799 2437
1801 2437
1802 2437
1804 2067
1806 1975
1810 2437
1811 2437
1812 1975
1813 2437
1814 2038
1815 2437
1816 2393
1817 1828
1817 1948
1817 2157
1817 2230
1818 2437
1819 2141
1821 2437
256 1822
1608 1822
1824 2437
1825 2437
1828 1937
1828 1948
1828 1975
1828 1991
1828 1997
1828 2052
1828 2062
1828 2112
1828 2157
1828 2230
1828 2333
1828 2437
1830 1859
1830 1878
1830 2437
1831 2437
1832 1847
1832 1975
1832 2078
1833 1975
1836 2437
1837 2392
1837 2471
1839 2437
1841 1970
1842 1847
1843 2437
1844 2437
1845 2437
1846 1975
1847 1923
1847 1940
1847 1941
1847 1975
1847 2003
1847 2136
1847 2309
1847 2333
1848 1945
1848 2042
1848 2237
1849 2437
1850 2067
1850 2157
714 1852
1852 2437
1853 2067
1854 1975
1855 2230
1856 2437
1857 2437
13 1858
586 1858
1858 1975
1859 1878
1859 1944
1859 2171
1859 2437
1861 2141
1861 2230
1864 2437
1866 1888
1866 1996
1866 2032
1867 2437
1868 2437
1870 1975
1871 2437
1872 2437
1873 2437
1876 2400
1877 2240
1878 1944
1878 2171
1878 2266
1878 2437
1879 2078
1879 2377
1879 2437
1881 2437
1882 1890
1882 1921
1882 1928
1882 1971
1882 2187
765 1883
972 1883
1581 1883
1884 2377
1885 2042
1885 2141
1885 2333
1885 2437
1886 2437
256 1887
963 1887
1608 1887
1611 1887
1887 2042
1887 2377
1890 1921
1890 1928
1890 1971
1890 2187
1891 2437
256 1892
1608 1892
1892 2437
1894 1948
1894 2042
1895 2437
1898 2038
1120 1899
499 1907
714 1907
972 1907
1192 1907
1791 1907
1907 2067
1909 1975
1909 2078
1909 2380
1911 2437
1912 2437
1915 2371
1916 2143
1916 2377
1918 2437
1920 2437
1921 1928
1921 1971
1921 2187
1924 2437
1927 2437
1928 1971
1928 2187
1929 2437
1930 2437
7 1931
13 1931
35 1931
714 1931
1710 1931
1791 1931
1931 1975
1932 2437
1608 1933
1933 2437
1936 2437
1937 2042
1937 2221
1937 2377
1939 2437
1940 1975
1940 1977
1940 2078
22 1942
34 1942
302 1942
765 1942
1943 2157
1944 2171
1944 2266
1944 2437
1945 1970
1947 2437
1948 2143
1948 2157
1948 2230
1948 2244
1948 2248
1948 2277
1948 2414
1948 2437
1949 2221
1951 1975
1952 2437
1953 2437
1954 2067
1956 2282
1956 2441
1957 2437
1960 2437
1961 2437
1962 2437
1963 2230
1964 2437
256 1967
1608 1967
1968 2067
1472 1970
1970 1975
1970 2020
1970 2027
1970 2048
1970 2072
1970 2113
1970 2141
1970 2200
1970 2221
1970 2311
1970 2324
1970 2333
1970 2388
1970 2475
1971 2187
1973 2042
1974 2042
1975 1993
1975 2000
1975 2026
1975 2039
1975 2042
1975 2067
1975 2069
1975 2092
1975 2104
1975 2114
1975 2136
1975 2143
1975 2157
1975 2166
1975 2193
1975 2209
1975 2219
1975 2221
1975 2244
1975 2264
1975 2280
1975 2294
1975 2308
1975 2309
1975 2313
1975 2315
1975 2316
1975 2333
1975 2377
1975 2383
1975 2389
1975 2394
1975 2417
1975 2437
1975 2446
1975 2462
1976 2437
1978 2437
1979 2141
1608 1980
1980 2437
1982 2437
1984 2437
1985 2437
1987 2437
1988 2157
1990 2317
1991 2437
1992 2437
1994 2013
1997 2042
1997 2221
2002 2437
2004 2437
2007 2437
2011 2437
256 2012
1608 2012
2012 2437
2014 2437
2015 2437
2017 2471
2018 2141
2023 2230
2025 2437
2026 2394
2027 2042
2027 2405
2029 2377
2030 2209
2033 2437
2036 2078
2038 2225
2040 2437
2041 2078
2041 2377
2041 2437
2042 2111
2042 2176
2042 2208
2042 2221
2042 2303
2042 2333
2042 2405
2043 2437
2045 2437
2047 2437
2048 2377
2049 2437
2055 2437
2056 2437
2057 2437
2059 2437
22 2060
1729 2060
2062 2221
2064 2437
2065 2175
2066 2437
2067 2102
2067 2143
2067 2153
2067 2189
2067 2211
2067 2221
2067 2280
2067 2311
2067 2333
2067 2401
2069 2141
2069 2437
2070 2437
256 2071
1608 2071
2072 2400
2072 2437
2074 2437
2075 2157
2076 2437
2077 2437
2078 2104
2078 2192
2078 2209
2078 2333
2080 2201
2080 2310
2081 2211
35 2082
2082 2437
2083 2437
256 2084
1608 2084
2085 2157
2087 2437
2088 2437
2090 2377
2091 2437
2094 2437
2096 2195
2097 2437
2098 2437
2100 2437
2101 2157
2104 2137
2106 2437
2109 2437
2111 2437
2112 2157
2112 2377
2112 2437
2116 2437
2117 2437
2121 2230
2122 2437
2123 2437
2125 2437
2133 2221
2133 2437
2137 2206
2140 2437
649 2141
2141 2143
2141 2208
2141 2402
2141 2464
2142 2437
2143 2157
2143 2437
1608 2145
2146 2437
2147 2437
22 2151
714 2151
2155 2437
2157 2230
2157 2280
2157 2312
2157 2333
2157 2339
2157 2385
2157 2437
2157 2458
2164 2437
2165 2437
2168 2437
2170 2377
2171 2266
2171 2437
2173 2437
2174 2437
2177 2344
2178 2437
234 2180
963 2180
1611 2180
2181 2437
2185 2230
2188 2437
2189 2377
2190 2437
2191 2437
2199 2437
334 2202
2157 2204
2205 2437
2208 2437
2209 2230
2209 2293
2212 2437
2213 2437
2214 2437
1975 2216
2217 2437
2218 2437
2221 2305
2221 2333
2221 2377
2221 2399
2222 2437
2223 2437
2224 2437
2226 2375
2226 2377
2226 2437
11 2227
2228 2437
2230 2244
2230 2269
2230 2280
2230 2333
2230 2437
2230 2453
256 2234
2234 2437
2236 2467
2241 2466
2250 2437
2251 2437
2260 2437
256 2261
1608 2261
2261 2437
2262 2437
2264 2308
256 2265
1608 2265
2265 2437
2266 2437
2267 2437
256 2268
2268 2437
2270 2437
13 2271
17 2271
49 2271
586 2271
1278 2271
1530 2271
1791 2271
1975 2271
2273 2437
2274 2437
2275 2437
2278 2437
256 2279
2279 2437
2280 2437
2282 2441
2283 2437
2287 2437
2288 2377
2289 2437
1608 2291
256 2292
1608 2292
2295 2437
2297 2437
2299 2437
2300 2470
2305 2437
2307 2467
1498 2308
2311 2377
2314 2437
2319 2437
2320 2437
2323 2437
2328 2437
222 2329
363 2329
566 2329
579 2329
642 2329
1049 2329
1168 2329
1303 2329
1510 2329
1735 2329
1755 2329
1882 2329
1890 2329
1921 2329
1928 2329
1971 2329
2187 2329
586 2330
1791 2330
340 2331
1107 2331
1791 2331
406 2332
1581 2332
2333 2382
2334 2437
2336 2437
2339 2437
2342 2460
2346 2437
2347 2437
256 2348
1608 2348
2349 2437
13 2352
17 2352
1791 2352
2353 2437
2354 2437
2357 2377
2358 2437
2360 2437
2364 2437
2365 2437
2367 2437
2368 2437
2375 2377
2375 2437
2376 2437
2377 2436
256 2378
302 2378
2378 2437
1608 2381
2381 2437
256 2390
1608 2390
2390 2437
256 2395
1608 2395
2395 2437
2396 2437
13 2398
1694 2398
1791 2398
2408 2437
2409 2437
2410 2437
2411 2437
2415 2437
2416 2437
2419 2437
1608 2420
2420 2437
2423 2437
581 2425
2426 2437
2428 2437
2429 2437
2431 2437
2433 2437
430 2437
1037 2437
1260 2437
1329 2437
2021 2437
2437 2442
2437 2443
2437 2444
2437 2448
2437 2450
2437 2452
2437 2454
2437 2455
2437 2463
2437 2469
2437 2471
2437 2476
22 2438
714 2438
858 2438
1214 2438
1526 2438
2230 2438
256 2440
1608 2440
2437 2440
2459 2468
256 2477
1608 2477
2437 2477
